8.8342e-18,-8.005e-09,-4.4035e-08,-1.0665e-07,-1.9002e-07,-2.8765e-07,-3.936e-07,-5.0276e-07,-6.1091e-07,-7.1457e-07,-8.1094e-07,-8.9777e-07,-9.7328e-07,-1.0361e-06,-1.085e-06,-1.1194e-06,-1.1384e-06,-1.1419e-06,-1.1294e-06,-1.1007e-06,-1.0559e-06,-9.9492e-07,-9.1782e-07,-8.2474e-07,-7.1583e-07,-5.913e-07,-4.5137e-07,-2.9631e-07,-1.264e-07,5.8045e-08,2.5668e-07,4.6913e-07,6.95e-07,9.3383e-07,1.1851e-06,1.4484e-06,1.723e-06,2.0084e-06,2.3038e-06,2.6085e-06,2.9217e-06,3.2424e-06,3.5699e-06,3.9029e-06,4.2405e-06,4.5815e-06,4.9246e-06,5.2686e-06,5.6121e-06,5.9538e-06,6.2922e-06,6.6257e-06,6.9531e-06,7.2726e-06,7.5829e-06,7.8823e-06,8.1695e-06,8.4429e-06,8.7013e-06,8.9432e-06,9.1674e-06,9.373e-06,9.5587e-06,9.7238e-06,9.8676e-06,9.9895e-06,1.0089e-05,1.0166e-05,1.0221e-05,1.0253e-05,1.0264e-05,1.0254e-05,1.0223e-05,1.0173e-05,1.0106e-05,1.0022e-05,9.9241e-06,9.8139e-06,9.694e-06,9.5669e-06,9.4356e-06,9.3033e-06,9.1737e-06,9.0508e-06,8.9388e-06,8.8425e-06,8.7666e-06,8.7156e-06,8.6919e-06,8.6921e-06
8.0093e-09,7.2807e-12,-3.2719e-08,-8.7708e-08,-1.6024e-07,-2.4522e-07,-3.3775e-07,-4.335e-07,-5.2872e-07,-6.2023e-07,-7.0541e-07,-7.8211e-07,-8.486e-07,-9.0346e-07,-9.4561e-07,-9.7418e-07,-9.8853e-07,-9.8818e-07,-9.7279e-07,-9.4216e-07,-8.9616e-07,-8.3476e-07,-7.5797e-07,-6.6589e-07,-5.5864e-07,-4.3639e-07,-2.9935e-07,-1.4774e-07,1.8162e-08,1.9806e-07,3.9163e-07,5.9851e-07,8.183e-07,1.0506e-06,1.2948e-06,1.5506e-06,1.8172e-06,2.0942e-06,2.3807e-06,2.6761e-06,2.9796e-06,3.2903e-06,3.6073e-06,3.9296e-06,4.2562e-06,4.5858e-06,4.9175e-06,5.2498e-06,5.5816e-06,5.9114e-06,6.2379e-06,6.5597e-06,6.8754e-06,7.1836e-06,7.4827e-06,7.7714e-06,8.0483e-06,8.312e-06,8.5612e-06,8.7946e-06,9.0112e-06,9.2099e-06,9.3898e-06,9.55e-06,9.6899e-06,9.809e-06,9.907e-06,9.9838e-06,1.0039e-05,1.0074e-05,1.0088e-05,1.0082e-05,1.0057e-05,1.0015e-05,9.9556e-06,9.8815e-06,9.7941e-06,9.6955e-06,9.588e-06,9.474e-06,9.3564e-06,9.2381e-06,9.1225e-06,9.0132e-06,8.9138e-06,8.8284e-06,8.7608e-06,8.7146e-06,8.692e-06,8.6923e-06
4.4108e-08,3.2749e-08,-7.9525e-11,-5.1318e-08,-1.1694e-07,-1.9283e-07,-2.7503e-07,-3.5989e-07,-4.4419e-07,-5.2514e-07,-6.0036e-07,-6.6787e-07,-7.2601e-07,-7.7345e-07,-8.0911e-07,-8.3213e-07,-8.4186e-07,-8.3779e-07,-8.1955e-07,-7.8691e-07,-7.3969e-07,-6.7782e-07,-6.0131e-07,-5.1019e-07,-4.0456e-07,-2.8457e-07,-1.5039e-07,-2.2313e-09,1.5966e-07,3.35e-07,5.2349e-07,7.2477e-07,9.3846e-07,1.1641e-06,1.4014e-06,1.6496e-06,1.9083e-06,2.1768e-06,2.4546e-06,2.7408e-06,3.0347e-06,3.3355e-06,3.6423e-06,3.9541e-06,4.2699e-06,4.5886e-06,4.909e-06,5.23e-06,5.5504e-06,5.8688e-06,6.184e-06,6.4946e-06,6.7992e-06,7.0964e-06,7.385e-06,7.6635e-06,7.9306e-06,8.185e-06,8.4256e-06,8.651e-06,8.8604e-06,9.0526e-06,9.2269e-06,9.3825e-06,9.5187e-06,9.6352e-06,9.7317e-06,9.808e-06,9.8642e-06,9.9007e-06,9.9178e-06,9.9161e-06,9.8967e-06,9.8605e-06,9.8088e-06,9.7432e-06,9.6652e-06,9.5769e-06,9.4804e-06,9.378e-06,9.2722e-06,9.1659e-06,9.062e-06,8.9636e-06,8.8742e-06,8.7969e-06,8.735e-06,8.6917e-06,8.6693e-06,8.6687e-06
1.0706e-07,8.7917e-08,5.0973e-08,-5.4277e-10,-6.3305e-08,-1.34e-07,-2.0941e-07,-2.8655e-07,-3.6269e-07,-4.3541e-07,-5.0263e-07,-5.6255e-07,-6.1368e-07,-6.5477e-07,-6.8479e-07,-7.0294e-07,-7.0855e-07,-7.0113e-07,-6.803e-07,-6.458e-07,-5.9745e-07,-5.3515e-07,-4.5886e-07,-3.6862e-07,-2.645e-07,-1.466e-07,-1.509e-08,1.2985e-07,2.8799e-07,4.5906e-07,6.4279e-07,8.3883e-07,1.0468e-06,1.2664e-06,1.497e-06,1.7383e-06,1.9896e-06,2.2504e-06,2.52e-06,2.7977e-06,3.0829e-06,3.3746e-06,3.6721e-06,3.9743e-06,4.2803e-06,4.5891e-06,4.8995e-06,5.2104e-06,5.5206e-06,5.8288e-06,6.1339e-06,6.4345e-06,6.7292e-06,7.0169e-06,7.2961e-06,7.5657e-06,7.8242e-06,8.0706e-06,8.3036e-06,8.5221e-06,8.7251e-06,8.9117e-06,9.0811e-06,9.2326e-06,9.3656e-06,9.4798e-06,9.5748e-06,9.6506e-06,9.7074e-06,9.7452e-06,9.7647e-06,9.7665e-06,9.7514e-06,9.7204e-06,9.6749e-06,9.6161e-06,9.5458e-06,9.4658e-06,9.378e-06,9.2846e-06,9.1881e-06,9.0909e-06,8.9956e-06,8.9051e-06,8.8223e-06,8.7499e-06,8.6908e-06,8.6477e-06,8.623e-06,8.6182e-06
1.9131e-07,1.6102e-07,1.166e-07,6.1476e-08,-1.7429e-09,-7.0462e-08,-1.4213e-07,-2.143e-07,-2.8472e-07,-3.5136e-07,-4.1242e-07,-4.6633e-07,-5.1175e-07,-5.4757e-07,-5.7284e-07,-5.868e-07,-5.8885e-07,-5.785e-07,-5.5539e-07,-5.1925e-07,-4.699e-07,-4.0722e-07,-3.3117e-07,-2.4175e-07,-1.3902e-07,-2.3077e-08,1.0595e-07,2.4789e-07,4.0254e-07,5.6965e-07,7.4895e-07,9.4013e-07,1.1428e-06,1.3567e-06,1.5813e-06,1.8161e-06,2.0606e-06,2.3143e-06,2.5765e-06,2.8465e-06,3.1237e-06,3.4073e-06,3.6963e-06,3.9899e-06,4.2872e-06,4.5871e-06,4.8886e-06,5.1905e-06,5.4918e-06,5.7911e-06,6.0873e-06,6.3792e-06,6.6654e-06,6.9447e-06,7.2159e-06,7.4777e-06,7.7289e-06,7.9683e-06,8.1948e-06,8.4074e-06,8.605e-06,8.7868e-06,8.952e-06,9.0999e-06,9.2302e-06,9.3422e-06,9.436e-06,9.5112e-06,9.5682e-06,9.6071e-06,9.6285e-06,9.6328e-06,9.6211e-06,9.5942e-06,9.5534e-06,9.5001e-06,9.4357e-06,9.362e-06,9.2808e-06,9.1943e-06,9.1045e-06,9.0137e-06,8.9244e-06,8.839e-06,8.7599e-06,8.6897e-06,8.6307e-06,8.5853e-06,8.5555e-06,8.5433e-06
2.907e-07,2.4716e-07,1.9285e-07,1.3157e-07,6.5283e-08,-4.0489e-09,-7.4445e-08,-1.4397e-07,-2.108e-07,-2.7324e-07,-3.2979e-07,-3.7912e-07,-4.2006e-07,-4.5163e-07,-4.73e-07,-4.8348e-07,-4.8253e-07,-4.6969e-07,-4.4463e-07,-4.0709e-07,-3.569e-07,-2.9393e-07,-2.1814e-07,-1.2952e-07,-2.8103e-08,8.6019e-08,2.1273e-07,3.5188e-07,5.0329e-07,6.6671e-07,8.4192e-07,1.0286e-06,1.2264e-06,1.435e-06,1.654e-06,1.8829e-06,2.1213e-06,2.3684e-06,2.6239e-06,2.887e-06,3.157e-06,3.4332e-06,3.7147e-06,4.0007e-06,4.2903e-06,4.5824e-06,4.876e-06,5.1701e-06,5.4635e-06,5.7551e-06,6.0437e-06,6.3281e-06,6.607e-06,6.8792e-06,7.1436e-06,7.3988e-06,7.6437e-06,7.8773e-06,8.0983e-06,8.3058e-06,8.4989e-06,8.6766e-06,8.8383e-06,8.9833e-06,9.1111e-06,9.2213e-06,9.3138e-06,9.3885e-06,9.4456e-06,9.4852e-06,9.5078e-06,9.5141e-06,9.5048e-06,9.481e-06,9.4437e-06,9.3943e-06,9.3342e-06,9.2651e-06,9.1887e-06,9.1069e-06,9.0216e-06,8.935e-06,8.8493e-06,8.7664e-06,8.6887e-06,8.6182e-06,8.5571e-06,8.5071e-06,8.4701e-06,8.4481e-06
3.9956e-07,3.4167e-07,2.759e-07,2.0662e-07,1.3528e-07,6.3306e-08,-7.8265e-09,-7.6621e-08,-1.4163e-07,-2.0151e-07,-2.5502e-07,-3.0104e-07,-3.3862e-07,-3.669e-07,-3.8518e-07,-3.9286e-07,-3.8946e-07,-3.7458e-07,-3.4791e-07,-3.0923e-07,-2.5837e-07,-1.9523e-07,-1.1974e-07,-3.1908e-08,6.8245e-08,1.8065e-07,3.0519e-07,4.4174e-07,5.9013e-07,7.5015e-07,9.2156e-07,1.1041e-06,1.2974e-06,1.5012e-06,1.7151e-06,1.9387e-06,2.1714e-06,2.4127e-06,2.6621e-06,2.9189e-06,3.1826e-06,3.4522e-06,3.7271e-06,4.0063e-06,4.2891e-06,4.5744e-06,4.8613e-06,5.1486e-06,5.4353e-06,5.7203e-06,6.0024e-06,6.2804e-06,6.5532e-06,6.8195e-06,7.0781e-06,7.3279e-06,7.5677e-06,7.7964e-06,8.013e-06,8.2163e-06,8.4056e-06,8.58e-06,8.7388e-06,8.8813e-06,9.0071e-06,9.1158e-06,9.2072e-06,9.2813e-06,9.3382e-06,9.3781e-06,9.4016e-06,9.4091e-06,9.4015e-06,9.3797e-06,9.3448e-06,9.2981e-06,9.2409e-06,9.1748e-06,9.1014e-06,9.0225e-06,8.9398e-06,8.8553e-06,8.771e-06,8.6886e-06,8.6102e-06,8.5375e-06,8.4722e-06,8.4159e-06,8.37e-06,8.3369e-06
5.1298e-07,4.4032e-07,3.6217e-07,2.8364e-07,2.058e-07,1.2962e-07,5.6165e-08,-1.3456e-08,-7.8142e-08,-1.3684e-07,-1.8856e-07,-2.3243e-07,-2.6764e-07,-2.9352e-07,-3.0946e-07,-3.1498e-07,-3.0966e-07,-2.9317e-07,-2.6525e-07,-2.2569e-07,-1.7436e-07,-1.1117e-07,-3.6054e-08,5.0981e-08,1.4991e-07,2.6068e-07,3.8319e-07,5.1732e-07,6.629e-07,8.1977e-07,9.8769e-07,1.1664e-06,1.3556e-06,1.5551e-06,1.7643e-06,1.983e-06,2.2106e-06,2.4467e-06,2.6907e-06,2.942e-06,3.1999e-06,3.4638e-06,3.7329e-06,4.0063e-06,4.2833e-06,4.5628e-06,4.8438e-06,5.1255e-06,5.4066e-06,5.686e-06,5.9627e-06,6.2355e-06,6.5033e-06,6.7647e-06,7.0187e-06,7.2642e-06,7.4998e-06,7.7247e-06,7.9377e-06,8.1378e-06,8.3241e-06,8.4959e-06,8.6523e-06,8.7929e-06,8.917e-06,9.0244e-06,9.1149e-06,9.1884e-06,9.245e-06,9.285e-06,9.3088e-06,9.317e-06,9.3103e-06,9.2897e-06,9.2562e-06,9.2109e-06,9.1553e-06,9.0908e-06,9.0188e-06,8.9411e-06,8.8593e-06,8.7752e-06,8.6905e-06,8.6068e-06,8.5259e-06,8.4493e-06,8.3784e-06,8.3144e-06,8.2585e-06,8.2136e-06
6.2682e-07,5.3938e-07,4.484e-07,3.5983e-07,2.7447e-07,1.9292e-07,1.1591e-07,4.4215e-08,-2.1364e-08,-8.0039e-08,-1.3107e-07,-1.7376e-07,-2.0751e-07,-2.3177e-07,-2.4608e-07,-2.5003e-07,-2.4329e-07,-2.2561e-07,-1.9677e-07,-1.5661e-07,-1.0501e-07,-4.1896e-08,3.2763e-08,1.1897e-07,2.1671e-07,3.2591e-07,4.465e-07,5.7836e-07,7.2135e-07,8.7531e-07,1.04e-06,1.2153e-06,1.4008e-06,1.5962e-06,1.8013e-06,2.0156e-06,2.2387e-06,2.4701e-06,2.7093e-06,2.9558e-06,3.2088e-06,3.4677e-06,3.7318e-06,4.0002e-06,4.2722e-06,4.5468e-06,4.8231e-06,5.1e-06,5.3765e-06,5.6515e-06,5.9239e-06,6.1926e-06,6.4564e-06,6.7141e-06,6.9645e-06,7.2066e-06,7.4392e-06,7.6611e-06,7.8714e-06,8.0691e-06,8.2533e-06,8.4231e-06,8.5778e-06,8.7169e-06,8.8398e-06,8.9462e-06,9.0359e-06,9.1088e-06,9.165e-06,9.2048e-06,9.2286e-06,9.2369e-06,9.2305e-06,9.2103e-06,9.1772e-06,9.1324e-06,9.0772e-06,9.0129e-06,8.941e-06,8.8631e-06,8.7806e-06,8.6953e-06,8.6086e-06,8.5221e-06,8.4372e-06,8.3553e-06,8.2776e-06,8.205e-06,8.1384e-06,8.0816e-06
7.3759e-07,6.3562e-07,5.3167e-07,4.3261e-07,3.3904e-07,2.5129e-07,1.6978e-07,9.503e-08,2.7569e-08,-3.2049e-08,-8.3296e-08,-1.2568e-07,-1.5874e-07,-1.8209e-07,-1.9538e-07,-1.9831e-07,-1.9064e-07,-1.7216e-07,-1.4273e-07,-1.0222e-07,-5.0546e-08,1.2338e-08,8.6457e-08,1.7181e-07,2.6836e-07,3.7606e-07,4.9484e-07,6.2458e-07,7.6516e-07,9.1643e-07,1.0782e-06,1.2503e-06,1.4324e-06,1.6243e-06,1.8256e-06,2.036e-06,2.2551e-06,2.4825e-06,2.7175e-06,2.9597e-06,3.2085e-06,3.4632e-06,3.7231e-06,3.9875e-06,4.2554e-06,4.526e-06,4.7984e-06,5.0716e-06,5.3445e-06,5.6161e-06,5.8852e-06,6.1508e-06,6.4116e-06,6.6666e-06,6.9145e-06,7.1543e-06,7.3847e-06,7.6047e-06,7.8132e-06,8.0093e-06,8.1921e-06,8.3606e-06,8.5142e-06,8.6523e-06,8.7744e-06,8.8801e-06,8.9692e-06,9.0415e-06,9.0973e-06,9.1367e-06,9.1602e-06,9.1682e-06,9.1615e-06,9.1409e-06,9.1074e-06,9.062e-06,9.0062e-06,8.941e-06,8.8679e-06,8.7885e-06,8.704e-06,8.616e-06,8.526e-06,8.4354e-06,8.3453e-06,8.2571e-06,8.1716e-06,8.0897e-06,8.0122e-06,7.9435e-06
8.4235e-07,7.2623e-07,6.0939e-07,4.9963e-07,3.9742e-07,3.0287e-07,2.1617e-07,1.376e-07,6.7473e-08,6.1239e-09,-4.6108e-08,-8.8901e-08,-1.2196e-07,-1.4502e-07,-1.5785e-07,-1.6026e-07,-1.5208e-07,-1.3318e-07,-1.0346e-07,-6.2855e-08,-1.1306e-08,5.1211e-08,1.247e-07,2.0915e-07,3.0452e-07,4.1077e-07,5.2782e-07,6.5558e-07,7.9394e-07,9.4275e-07,1.1019e-06,1.2711e-06,1.4501e-06,1.6388e-06,1.8369e-06,2.0439e-06,2.2595e-06,2.4833e-06,2.7147e-06,2.9534e-06,3.1987e-06,3.4499e-06,3.7064e-06,3.9674e-06,4.2321e-06,4.4996e-06,4.7691e-06,5.0394e-06,5.3097e-06,5.5789e-06,5.8457e-06,6.1092e-06,6.3682e-06,6.6215e-06,6.8679e-06,7.1062e-06,7.3355e-06,7.5544e-06,7.7621e-06,7.9574e-06,8.1395e-06,8.3074e-06,8.4605e-06,8.5982e-06,8.7198e-06,8.8251e-06,8.9138e-06,8.9857e-06,9.0411e-06,9.0799e-06,9.1028e-06,9.1101e-06,9.1025e-06,9.081e-06,9.0463e-06,8.9996e-06,8.9421e-06,8.875e-06,8.7997e-06,8.7175e-06,8.6298e-06,8.5381e-06,8.4436e-06,8.3476e-06,8.2514e-06,8.1559e-06,8.062e-06,7.9704e-06,7.8818e-06,7.8014e-06
9.3857e-07,8.0876e-07,6.7923e-07,5.5873e-07,4.4764e-07,3.459e-07,2.5351e-07,1.7055e-07,9.713e-08,3.3416e-08,-2.0431e-08,-6.4248e-08,-9.7881e-08,-1.2119e-07,-1.3406e-07,-1.3639e-07,-1.2809e-07,-1.0911e-07,-7.9398e-08,-3.893e-08,1.231e-08,7.432e-08,1.4709e-07,2.3059e-07,3.2479e-07,4.2962e-07,5.4503e-07,6.7094e-07,8.0723e-07,9.5379e-07,1.1105e-06,1.2771e-06,1.4535e-06,1.6393e-06,1.8345e-06,2.0385e-06,2.2511e-06,2.4719e-06,2.7004e-06,2.9361e-06,3.1785e-06,3.427e-06,3.6808e-06,3.9392e-06,4.2015e-06,4.4668e-06,4.7343e-06,5.0028e-06,5.2714e-06,5.539e-06,5.8046e-06,6.0671e-06,6.3251e-06,6.5777e-06,6.8236e-06,7.0616e-06,7.2905e-06,7.5094e-06,7.717e-06,7.9123e-06,8.0945e-06,8.2626e-06,8.4158e-06,8.5535e-06,8.6752e-06,8.7804e-06,8.8689e-06,8.9406e-06,8.9955e-06,9.0338e-06,9.0558e-06,9.0621e-06,9.0533e-06,9.0301e-06,8.9937e-06,8.9449e-06,8.8849e-06,8.815e-06,8.7364e-06,8.6504e-06,8.5585e-06,8.4619e-06,8.3618e-06,8.2596e-06,8.1563e-06,8.0528e-06,7.95e-06,7.8483e-06,7.7487e-06,7.6569e-06
1.0241e-06,8.8106e-07,7.3913e-07,6.0796e-07,4.8789e-07,3.7872e-07,2.8028e-07,1.925e-07,1.1532e-07,4.8733e-08,-7.2443e-09,-5.2593e-08,-8.7291e-08,-1.1132e-07,-1.2465e-07,-1.2729e-07,-1.1923e-07,-1.0048e-07,-7.1039e-08,-3.0932e-08,1.9821e-08,8.1192e-08,1.5315e-07,2.3566e-07,3.2867e-07,4.3213e-07,5.4597e-07,6.7013e-07,8.0452e-07,9.4902e-07,1.1035e-06,1.2678e-06,1.4418e-06,1.6252e-06,1.8178e-06,2.0193e-06,2.2295e-06,2.4478e-06,2.6738e-06,2.9072e-06,3.1474e-06,3.3937e-06,3.6456e-06,3.9023e-06,4.163e-06,4.4269e-06,4.6932e-06,4.9607e-06,5.2286e-06,5.4957e-06,5.761e-06,6.0233e-06,6.2815e-06,6.5343e-06,6.7806e-06,7.0192e-06,7.2489e-06,7.4685e-06,7.677e-06,7.8732e-06,8.0562e-06,8.2251e-06,8.3791e-06,8.5175e-06,8.6396e-06,8.7452e-06,8.8338e-06,8.9054e-06,8.9599e-06,8.9975e-06,9.0186e-06,9.0236e-06,9.0131e-06,8.988e-06,8.9492e-06,8.8976e-06,8.8344e-06,8.7608e-06,8.678e-06,8.5874e-06,8.4902e-06,8.3878e-06,8.2813e-06,8.172e-06,8.0608e-06,7.9487e-06,7.8365e-06,7.7247e-06,7.614e-06,7.5112e-06
1.097e-06,9.4123e-07,7.8724e-07,6.4555e-07,5.1649e-07,3.9975e-07,2.9503e-07,2.0212e-07,1.2081e-07,5.0959e-08,-7.5622e-09,-5.4862e-08,-9.1036e-08,-1.1617e-07,-1.3035e-07,-1.3365e-07,-1.2614e-07,-1.0789e-07,-7.8964e-08,-3.9422e-08,1.0679e-08,7.1285e-08,1.4234e-07,2.2381e-07,3.1562e-07,4.1773e-07,5.3008e-07,6.5261e-07,7.8523e-07,9.2785e-07,1.0804e-06,1.2426e-06,1.4145e-06,1.5958e-06,1.7863e-06,1.9857e-06,2.1938e-06,2.4101e-06,2.6343e-06,2.8659e-06,3.1045e-06,3.3494e-06,3.6e-06,3.8557e-06,4.1156e-06,4.3789e-06,4.6448e-06,4.9123e-06,5.1804e-06,5.4479e-06,5.7138e-06,5.977e-06,6.2363e-06,6.4903e-06,6.7381e-06,6.9782e-06,7.2095e-06,7.4309e-06,7.641e-06,7.839e-06,8.0237e-06,8.1941e-06,8.3495e-06,8.4892e-06,8.6123e-06,8.7187e-06,8.8077e-06,8.8794e-06,8.9337e-06,8.9707e-06,8.9907e-06,8.9942e-06,8.9818e-06,8.9543e-06,8.9126e-06,8.8576e-06,8.7905e-06,8.7124e-06,8.6247e-06,8.5286e-06,8.4253e-06,8.3162e-06,8.2025e-06,8.0853e-06,7.9656e-06,7.8444e-06,7.7224e-06,7.6002e-06,7.4786e-06,7.3651e-06
1.1556e-06,9.8759e-07,8.2186e-07,6.6984e-07,5.3185e-07,4.0749e-07,2.9636e-07,1.981e-07,1.124e-07,3.8975e-08,-2.242e-08,-7.2012e-08,-1.1001e-07,-1.3659e-07,-1.5193e-07,-1.5619e-07,-1.495e-07,-1.3201e-07,-1.0381e-07,-6.5024e-08,-1.5729e-08,4.3992e-08,1.1407e-07,1.9444e-07,2.8504e-07,3.8583e-07,4.9674e-07,6.1773e-07,7.4871e-07,8.8962e-07,1.0404e-06,1.2008e-06,1.3709e-06,1.5504e-06,1.7391e-06,1.9368e-06,2.1433e-06,2.3581e-06,2.5809e-06,2.8114e-06,3.0489e-06,3.2931e-06,3.5431e-06,3.7985e-06,4.0583e-06,4.3219e-06,4.5883e-06,4.8566e-06,5.1257e-06,5.3946e-06,5.6621e-06,5.9271e-06,6.1884e-06,6.4447e-06,6.6948e-06,6.9375e-06,7.1714e-06,7.3954e-06,7.6082e-06,7.8087e-06,7.9959e-06,8.1687e-06,8.3262e-06,8.4677e-06,8.5925e-06,8.7e-06,8.7899e-06,8.862e-06,8.9163e-06,8.9527e-06,8.9717e-06,8.9736e-06,8.959e-06,8.9287e-06,8.8837e-06,8.8248e-06,8.7531e-06,8.67e-06,8.5766e-06,8.4742e-06,8.3641e-06,8.2475e-06,8.1258e-06,8e-06,7.8713e-06,7.7404e-06,7.6083e-06,7.4755e-06,7.343e-06,7.2191e-06
1.1985e-06,1.0186e-06,8.4148e-07,6.7934e-07,5.3253e-07,4.0056e-07,2.8293e-07,1.7918e-07,8.8892e-08,1.1661e-08,-5.2868e-08,-1.0503e-07,-1.4512e-07,-1.7343e-07,-1.9021e-07,-1.9569e-07,-1.9007e-07,-1.7355e-07,-1.4629e-07,-1.0842e-07,-6.0074e-08,-1.3501e-09,6.7662e-08,1.4689e-07,2.3627e-07,3.3574e-07,4.4527e-07,5.6479e-07,6.9426e-07,8.3362e-07,9.8279e-07,1.1417e-06,1.3102e-06,1.4882e-06,1.6755e-06,1.8718e-06,2.0771e-06,2.2909e-06,2.5128e-06,2.7426e-06,2.9798e-06,3.2237e-06,3.4739e-06,3.7296e-06,3.9902e-06,4.2548e-06,4.5225e-06,4.7924e-06,5.0635e-06,5.3346e-06,5.6046e-06,5.8724e-06,6.1367e-06,6.3962e-06,6.6497e-06,6.8959e-06,7.1334e-06,7.361e-06,7.5774e-06,7.7814e-06,7.9719e-06,8.1478e-06,8.3083e-06,8.4523e-06,8.5793e-06,8.6886e-06,8.7798e-06,8.8526e-06,8.907e-06,8.9431e-06,8.961e-06,8.9612e-06,8.9443e-06,8.911e-06,8.8622e-06,8.799e-06,8.7223e-06,8.6334e-06,8.5337e-06,8.4243e-06,8.3066e-06,8.1819e-06,8.0514e-06,7.9165e-06,7.778e-06,7.6371e-06,7.4945e-06,7.351e-06,7.2076e-06,7.0733e-06
1.2242e-06,1.0329e-06,8.4467e-07,6.7265e-07,5.1714e-07,3.776e-07,2.5345e-07,1.4413e-07,4.9115e-08,-3.2095e-08,-9.9959e-08,-1.5491e-07,-1.9733e-07,-2.2761e-07,-2.4605e-07,-2.5298e-07,-2.4865e-07,-2.333e-07,-2.0714e-07,-1.7035e-07,-1.2308e-07,-6.5465e-08,2.403e-09,8.0436e-08,1.6857e-07,2.6674e-07,3.7492e-07,4.9305e-07,6.2111e-07,7.5904e-07,9.0681e-07,1.0643e-06,1.2315e-06,1.4083e-06,1.5944e-06,1.7898e-06,1.9943e-06,2.2074e-06,2.429e-06,2.6587e-06,2.8959e-06,3.1403e-06,3.3912e-06,3.648e-06,3.91e-06,4.1763e-06,4.4462e-06,4.7185e-06,4.9924e-06,5.2667e-06,5.5402e-06,5.8117e-06,6.08e-06,6.3437e-06,6.6016e-06,6.8522e-06,7.0943e-06,7.3265e-06,7.5474e-06,7.7559e-06,7.9507e-06,8.1306e-06,8.2947e-06,8.4421e-06,8.5719e-06,8.6835e-06,8.7765e-06,8.8505e-06,8.9054e-06,8.9413e-06,8.9583e-06,8.9568e-06,8.9375e-06,8.901e-06,8.8482e-06,8.7801e-06,8.6979e-06,8.6028e-06,8.4961e-06,8.379e-06,8.2531e-06,8.1195e-06,7.9797e-06,7.8349e-06,7.6862e-06,7.5346e-06,7.3812e-06,7.2267e-06,7.0723e-06,6.9278e-06
1.2315e-06,1.0291e-06,8.3013e-07,6.4845e-07,4.8439e-07,3.3735e-07,2.0669e-07,9.1754e-08,-8.0797e-09,-9.3396e-08,-1.6475e-07,-2.2266e-07,-2.6761e-07,-3.0004e-07,-3.2036e-07,-3.2892e-07,-3.2606e-07,-3.1206e-07,-2.8717e-07,-2.516e-07,-2.0554e-07,-1.4913e-07,-8.2484e-08,-5.7008e-09,8.1152e-08,1.7802e-07,2.8488e-07,4.0168e-07,5.2841e-07,6.6504e-07,8.1155e-07,9.6787e-07,1.134e-06,1.3097e-06,1.4951e-06,1.6898e-06,1.8938e-06,2.1067e-06,2.3284e-06,2.5584e-06,2.7963e-06,3.0416e-06,3.2939e-06,3.5524e-06,3.8164e-06,4.0853e-06,4.358e-06,4.6337e-06,4.9112e-06,5.1895e-06,5.4674e-06,5.7436e-06,6.0168e-06,6.2858e-06,6.549e-06,6.8052e-06,7.0529e-06,7.2907e-06,7.5172e-06,7.7311e-06,7.9311e-06,8.1159e-06,8.2846e-06,8.4361e-06,8.5695e-06,8.6841e-06,8.7795e-06,8.8552e-06,8.911e-06,8.9469e-06,8.9632e-06,8.9601e-06,8.9382e-06,8.8984e-06,8.8413e-06,8.7681e-06,8.68e-06,8.5781e-06,8.4638e-06,8.3386e-06,8.2037e-06,8.0606e-06,7.9108e-06,7.7554e-06,7.5959e-06,7.4333e-06,7.2686e-06,7.1027e-06,6.9371e-06,6.7824e-06
1.2192e-06,1.0061e-06,7.9664e-07,6.055e-07,4.3304e-07,2.786e-07,1.4146e-07,2.0883e-08,-8.3822e-08,-1.7334e-07,-2.483e-07,-3.0931e-07,-3.5694e-07,-3.9169e-07,-4.1404e-07,-4.2442e-07,-4.2319e-07,-4.1069e-07,-3.8722e-07,-3.5301e-07,-3.0827e-07,-2.5317e-07,-1.8783e-07,-1.1236e-07,-2.6818e-08,6.8736e-08,1.7428e-07,2.8978e-07,4.1525e-07,5.5068e-07,6.9605e-07,8.5134e-07,1.0165e-06,1.1915e-06,1.3763e-06,1.5707e-06,1.7745e-06,1.9876e-06,2.2097e-06,2.4405e-06,2.6795e-06,2.9264e-06,3.1805e-06,3.4414e-06,3.7082e-06,3.9802e-06,4.2566e-06,4.5363e-06,4.8184e-06,5.1016e-06,5.3847e-06,5.6666e-06,5.9458e-06,6.221e-06,6.4907e-06,6.7534e-06,7.0078e-06,7.2523e-06,7.4854e-06,7.7057e-06,7.9119e-06,8.1027e-06,8.2769e-06,8.4333e-06,8.5712e-06,8.6896e-06,8.788e-06,8.8659e-06,8.923e-06,8.9594e-06,8.9752e-06,8.9707e-06,8.9464e-06,8.9031e-06,8.8416e-06,8.763e-06,8.6685e-06,8.5594e-06,8.4371e-06,8.3029e-06,8.1585e-06,8.0053e-06,7.8447e-06,7.6783e-06,7.5072e-06,7.3329e-06,7.1565e-06,6.9789e-06,6.8019e-06,6.6366e-06
1.1863e-06,9.627e-07,7.4303e-07,5.4264e-07,3.6192e-07,2.0017e-07,5.659e-08,-6.961e-08,-1.7922e-07,-2.7299e-07,-3.5166e-07,-4.1588e-07,-4.6631e-07,-5.0353e-07,-5.2806e-07,-5.4039e-07,-5.4095e-07,-5.301e-07,-5.0818e-07,-4.7546e-07,-4.3216e-07,-3.7846e-07,-3.1452e-07,-2.4042e-07,-1.5625e-07,-6.204e-08,4.2181e-08,1.5641e-07,2.8066e-07,4.1495e-07,5.5927e-07,7.1365e-07,8.7807e-07,1.0525e-06,1.2369e-06,1.4312e-06,1.6352e-06,1.8487e-06,2.0716e-06,2.3036e-06,2.5442e-06,2.7931e-06,3.0497e-06,3.3134e-06,3.5836e-06,3.8595e-06,4.1403e-06,4.4249e-06,4.7122e-06,5.0012e-06,5.2906e-06,5.5791e-06,5.8652e-06,6.1476e-06,6.4249e-06,6.6953e-06,6.9574e-06,7.2097e-06,7.4505e-06,7.6784e-06,7.892e-06,8.0897e-06,8.2704e-06,8.4328e-06,8.576e-06,8.699e-06,8.8011e-06,8.8819e-06,8.9411e-06,8.9784e-06,8.994e-06,8.9882e-06,8.9616e-06,8.9149e-06,8.8488e-06,8.7646e-06,8.6635e-06,8.5467e-06,8.4158e-06,8.2723e-06,8.1177e-06,7.9536e-06,7.7817e-06,7.6034e-06,7.4203e-06,7.2337e-06,7.0449e-06,6.8551e-06,6.6661e-06,6.4901e-06
1.1317e-06,8.9787e-07,6.682e-07,4.5874e-07,2.699e-07,1.0093e-07,-4.9023e-08,-1.8083e-07,-2.9536e-07,-3.9344e-07,-4.7587e-07,-5.434e-07,-5.9674e-07,-6.3653e-07,-6.6337e-07,-6.7779e-07,-6.8027e-07,-6.7121e-07,-6.5097e-07,-6.1986e-07,-5.7812e-07,-5.2594e-07,-4.6348e-07,-3.9084e-07,-3.081e-07,-2.1528e-07,-1.1241e-07,5.3919e-10,1.2358e-07,2.5676e-07,4.0011e-07,5.5366e-07,7.1744e-07,8.9144e-07,1.0757e-06,1.27e-06,1.4744e-06,1.6887e-06,1.9128e-06,2.1462e-06,2.3888e-06,2.6402e-06,2.8997e-06,3.1669e-06,3.4411e-06,3.7215e-06,4.0073e-06,4.2975e-06,4.591e-06,4.8866e-06,5.1831e-06,5.4791e-06,5.7733e-06,6.064e-06,6.3498e-06,6.629e-06,6.9001e-06,7.1613e-06,7.4111e-06,7.6477e-06,7.8697e-06,8.0756e-06,8.2639e-06,8.4333e-06,8.5829e-06,8.7114e-06,8.8182e-06,8.9027e-06,8.9644e-06,9.0032e-06,9.0191e-06,9.0125e-06,8.9837e-06,8.9336e-06,8.863e-06,8.773e-06,8.6649e-06,8.5401e-06,8.4002e-06,8.2467e-06,8.0813e-06,7.9057e-06,7.7217e-06,7.5309e-06,7.3349e-06,7.1353e-06,6.9335e-06,6.7309e-06,6.5294e-06,6.3422e-06
1.0544e-06,8.1057e-07,5.7109e-07,3.5272e-07,1.5589e-07,-2.0201e-08,-1.7647e-07,-3.1387e-07,-4.3332e-07,-5.3573e-07,-6.2198e-07,-6.9288e-07,-7.4922e-07,-7.917e-07,-8.2097e-07,-8.376e-07,-8.4212e-07,-8.3498e-07,-8.1656e-07,-7.8718e-07,-7.4712e-07,-6.9657e-07,-6.357e-07,-5.6462e-07,-4.8338e-07,-3.9203e-07,-2.9055e-07,-1.7893e-07,-5.7108e-08,7.4968e-08,2.1736e-07,3.7013e-07,5.3334e-07,7.0701e-07,8.9116e-07,1.0858e-06,1.2908e-06,1.5061e-06,1.7315e-06,1.9668e-06,2.2117e-06,2.4659e-06,2.7288e-06,2.9999e-06,3.2787e-06,3.5642e-06,3.8557e-06,4.1523e-06,4.4527e-06,4.7558e-06,5.0603e-06,5.3648e-06,5.6679e-06,5.968e-06,6.2635e-06,6.5527e-06,6.8339e-06,7.1053e-06,7.3652e-06,7.6118e-06,7.8436e-06,8.0588e-06,8.256e-06,8.4336e-06,8.5906e-06,8.7258e-06,8.8382e-06,8.9273e-06,8.9924e-06,9.0333e-06,9.0501e-06,9.043e-06,9.0124e-06,8.9591e-06,8.8839e-06,8.7881e-06,8.6728e-06,8.5397e-06,8.3902e-06,8.2262e-06,8.0494e-06,7.8617e-06,7.6649e-06,7.4607e-06,7.2511e-06,7.0377e-06,6.8222e-06,6.606e-06,6.3913e-06,6.1923e-06
9.5344e-07,6.9978e-07,4.5067e-07,2.2354e-07,1.8838e-08,-1.6429e-07,-3.2682e-07,-4.6977e-07,-5.9414e-07,-7.0091e-07,-7.9102e-07,-8.6537e-07,-9.2479e-07,-9.7004e-07,-1.0018e-06,-1.0208e-06,-1.0275e-06,-1.0224e-06,-1.0059e-06,-9.7841e-07,-9.4015e-07,-8.9137e-07,-8.3221e-07,-7.628e-07,-6.8318e-07,-5.9338e-07,-4.9339e-07,-3.8315e-07,-2.6261e-07,-1.3167e-07,9.7464e-09,1.6174e-07,3.244e-07,4.9778e-07,6.8195e-07,8.7691e-07,1.0826e-06,1.2991e-06,1.5261e-06,1.7635e-06,2.0111e-06,2.2684e-06,2.5351e-06,2.8106e-06,3.0943e-06,3.3855e-06,3.6834e-06,3.9869e-06,4.295e-06,4.6064e-06,4.9198e-06,5.2338e-06,5.5469e-06,5.8575e-06,6.1638e-06,6.4641e-06,6.7567e-06,7.0396e-06,7.3109e-06,7.5689e-06,7.8118e-06,8.0377e-06,8.245e-06,8.4322e-06,8.598e-06,8.7409e-06,8.8601e-06,8.9547e-06,9.0242e-06,9.0681e-06,9.0865e-06,9.0794e-06,9.0474e-06,8.9911e-06,8.9115e-06,8.8098e-06,8.6872e-06,8.5454e-06,8.3861e-06,8.211e-06,8.0222e-06,7.8216e-06,7.6112e-06,7.3929e-06,7.1688e-06,6.9408e-06,6.7106e-06,6.4799e-06,6.2512e-06,6.0395e-06
8.2786e-07,5.6454e-07,3.0594e-07,7.0186e-08,-1.4229e-07,-3.3238e-07,-5.0112e-07,-6.496e-07,-7.7888e-07,-8.9002e-07,-9.8403e-07,-1.0619e-06,-1.1245e-06,-1.1726e-06,-1.207e-06,-1.2284e-06,-1.2374e-06,-1.2345e-06,-1.2201e-06,-1.1946e-06,-1.1583e-06,-1.1114e-06,-1.0541e-06,-9.8647e-07,-9.086e-07,-8.2049e-07,-7.221e-07,-6.1336e-07,-4.9419e-07,-3.6448e-07,-2.241e-07,-7.2936e-08,8.9138e-08,2.6223e-07,4.4642e-07,6.4177e-07,8.4831e-07,1.066e-06,1.2947e-06,1.5344e-06,1.7848e-06,2.0455e-06,2.3163e-06,2.5966e-06,2.8857e-06,3.1831e-06,3.4878e-06,3.799e-06,4.1155e-06,4.436e-06,4.7591e-06,5.0836e-06,5.4077e-06,5.7298e-06,6.0481e-06,6.3608e-06,6.666e-06,6.9618e-06,7.246e-06,7.5168e-06,7.7722e-06,8.0103e-06,8.2293e-06,8.4275e-06,8.6033e-06,8.7554e-06,8.8827e-06,8.9841e-06,9.0589e-06,9.1068e-06,9.1275e-06,9.1213e-06,9.0884e-06,9.0295e-06,8.9457e-06,8.8381e-06,8.7081e-06,8.5574e-06,8.3878e-06,8.2012e-06,7.9998e-06,7.7855e-06,7.5607e-06,7.3275e-06,7.088e-06,6.8443e-06,6.5984e-06,6.3522e-06,6.1086e-06,5.8833e-06
6.7674e-07,4.0388e-07,1.3593e-07,-1.0835e-07,-3.285e-07,-5.2548e-07,-7.0039e-07,-8.5437e-07,-9.8856e-07,-1.1041e-06,-1.202e-06,-1.2834e-06,-1.3492e-06,-1.4003e-06,-1.4375e-06,-1.4615e-06,-1.4729e-06,-1.4723e-06,-1.4601e-06,-1.4368e-06,-1.4026e-06,-1.3577e-06,-1.3024e-06,-1.2368e-06,-1.1608e-06,-1.0746e-06,-9.7793e-07,-8.7084e-07,-7.5319e-07,-6.2484e-07,-4.8563e-07,-3.354e-07,-1.7401e-07,-1.2929e-09,1.8287e-07,3.7858e-07,5.859e-07,8.0485e-07,1.0354e-06,1.2774e-06,1.5308e-06,1.7951e-06,2.0702e-06,2.3555e-06,2.6505e-06,2.9544e-06,3.2666e-06,3.586e-06,3.9114e-06,4.2417e-06,4.5755e-06,4.9113e-06,5.2474e-06,5.5822e-06,5.9137e-06,6.2401e-06,6.5593e-06,6.8693e-06,7.1679e-06,7.453e-06,7.7225e-06,7.9744e-06,8.2067e-06,8.4174e-06,8.605e-06,8.7678e-06,8.9045e-06,9.014e-06,9.0955e-06,9.1485e-06,9.1726e-06,9.1679e-06,9.1349e-06,9.074e-06,8.9863e-06,8.873e-06,8.7356e-06,8.5758e-06,8.3956e-06,8.197e-06,7.9822e-06,7.7536e-06,7.5135e-06,7.2643e-06,7.0084e-06,6.748e-06,6.4853e-06,6.2225e-06,5.9627e-06,5.7228e-06
4.9916e-07,2.1688e-07,-6.0317e-08,-3.1303e-07,-5.408e-07,-7.4461e-07,-9.2564e-07,-1.0851e-06,-1.2242e-06,-1.3441e-06,-1.4461e-06,-1.5311e-06,-1.6002e-06,-1.6543e-06,-1.6943e-06,-1.721e-06,-1.735e-06,-1.7368e-06,-1.727e-06,-1.706e-06,-1.6741e-06,-1.6315e-06,-1.5784e-06,-1.515e-06,-1.4411e-06,-1.3569e-06,-1.2622e-06,-1.157e-06,-1.041e-06,-9.1422e-07,-7.7636e-07,-6.2726e-07,-4.6671e-07,-2.9452e-07,-1.1052e-07,8.5426e-08,2.9344e-07,5.136e-07,7.4589e-07,9.9028e-07,1.2466e-06,1.5147e-06,1.7943e-06,2.0848e-06,2.3859e-06,2.6967e-06,3.0166e-06,3.3448e-06,3.6799e-06,4.0207e-06,4.3659e-06,4.7138e-06,5.063e-06,5.4115e-06,5.7574e-06,6.0988e-06,6.4334e-06,6.7592e-06,7.0737e-06,7.3748e-06,7.6602e-06,7.9275e-06,8.1748e-06,8.3999e-06,8.6009e-06,8.7761e-06,8.9239e-06,9.0431e-06,9.1328e-06,9.1922e-06,9.2209e-06,9.2189e-06,9.1864e-06,9.1242e-06,9.0331e-06,8.9144e-06,8.7697e-06,8.6007e-06,8.4096e-06,8.1985e-06,7.9698e-06,7.726e-06,7.4698e-06,7.2036e-06,6.9301e-06,6.6518e-06,6.3711e-06,6.0904e-06,5.813e-06,5.5572e-06
2.9422e-07,2.6066e-09,-2.8376e-07,-5.4483e-07,-7.8014e-07,-9.9075e-07,-1.1779e-06,-1.3428e-06,-1.4868e-06,-1.6112e-06,-1.7172e-06,-1.8058e-06,-1.8783e-06,-1.9356e-06,-1.9786e-06,-2.008e-06,-2.0247e-06,-2.0292e-06,-2.022e-06,-2.0035e-06,-1.974e-06,-1.9339e-06,-1.8833e-06,-1.8222e-06,-1.7507e-06,-1.6687e-06,-1.5763e-06,-1.4731e-06,-1.3592e-06,-1.2342e-06,-1.0979e-06,-9.5018e-07,-7.9072e-07,-6.193e-07,-4.3569e-07,-2.3971e-07,-3.1179e-08,1.9001e-07,4.2393e-07,6.7058e-07,9.2989e-07,1.2017e-06,1.4857e-06,1.7816e-06,2.0889e-06,2.4069e-06,2.735e-06,3.0722e-06,3.4175e-06,3.7694e-06,4.1267e-06,4.4878e-06,4.8509e-06,5.2143e-06,5.5758e-06,5.9335e-06,6.285e-06,6.628e-06,6.9602e-06,7.279e-06,7.582e-06,7.8668e-06,8.131e-06,8.3724e-06,8.5888e-06,8.7783e-06,8.9391e-06,9.0698e-06,9.1693e-06,9.2366e-06,9.2713e-06,9.2732e-06,9.2425e-06,9.1797e-06,9.0858e-06,8.9622e-06,8.8103e-06,8.6322e-06,8.4299e-06,8.2058e-06,7.9627e-06,7.703e-06,7.4296e-06,7.1454e-06,6.8532e-06,6.5556e-06,6.2555e-06,5.9554e-06,5.659e-06,5.3858e-06
6.1015e-08,-2.3986e-07,-5.3533e-07,-8.047e-07,-1.0475e-06,-1.2649e-06,-1.4581e-06,-1.6285e-06,-1.7774e-06,-1.9063e-06,-2.0163e-06,-2.1087e-06,-2.1847e-06,-2.2452e-06,-2.2913e-06,-2.3237e-06,-2.3432e-06,-2.3505e-06,-2.346e-06,-2.3303e-06,-2.3036e-06,-2.2661e-06,-2.2182e-06,-2.1597e-06,-2.0909e-06,-2.0115e-06,-1.9216e-06,-1.8208e-06,-1.7092e-06,-1.5863e-06,-1.452e-06,-1.3059e-06,-1.1479e-06,-9.7756e-07,-7.9466e-07,-5.9896e-07,-3.9021e-07,-1.6826e-07,6.7036e-08,3.1573e-07,5.7781e-07,8.5318e-07,1.1416e-06,1.4429e-06,1.7564e-06,2.0818e-06,2.4182e-06,2.7648e-06,3.1206e-06,3.4843e-06,3.8544e-06,4.2293e-06,4.6073e-06,4.9866e-06,5.365e-06,5.7403e-06,6.1102e-06,6.4721e-06,6.8236e-06,7.162e-06,7.4847e-06,7.7889e-06,8.0722e-06,8.332e-06,8.566e-06,8.7719e-06,8.9478e-06,9.0921e-06,9.2033e-06,9.2805e-06,9.3228e-06,9.33e-06,9.3023e-06,9.24e-06,9.1443e-06,9.0162e-06,8.8575e-06,8.6703e-06,8.4567e-06,8.2194e-06,7.9611e-06,7.6847e-06,7.3933e-06,7.0899e-06,6.7775e-06,6.4594e-06,6.1383e-06,5.8172e-06,5.5e-06,5.2078e-06
-2.0135e-07,-5.1145e-07,-8.1596e-07,-1.0936e-06,-1.3439e-06,-1.5679e-06,-1.7672e-06,-1.9431e-06,-2.097e-06,-2.2303e-06,-2.3445e-06,-2.4407e-06,-2.5203e-06,-2.5842e-06,-2.6334e-06,-2.669e-06,-2.6916e-06,-2.7018e-06,-2.7003e-06,-2.6876e-06,-2.6638e-06,-2.6294e-06,-2.5844e-06,-2.5289e-06,-2.463e-06,-2.3866e-06,-2.2995e-06,-2.2016e-06,-2.0926e-06,-1.9722e-06,-1.8403e-06,-1.6964e-06,-1.5402e-06,-1.3713e-06,-1.1896e-06,-9.9457e-07,-7.8602e-07,-5.637e-07,-3.274e-07,-7.7007e-08,1.8754e-07,4.6621e-07,7.5887e-07,1.0653e-06,1.385e-06,1.7177e-06,2.0625e-06,2.4187e-06,2.7855e-06,3.1612e-06,3.5446e-06,3.9342e-06,4.328e-06,4.7242e-06,5.1206e-06,5.5149e-06,5.9047e-06,6.2872e-06,6.6599e-06,7.0199e-06,7.3642e-06,7.6902e-06,7.9948e-06,8.2754e-06,8.5293e-06,8.7541e-06,8.9476e-06,9.1077e-06,9.2329e-06,9.3219e-06,9.3739e-06,9.3882e-06,9.365e-06,9.3046e-06,9.2079e-06,9.0763e-06,8.9113e-06,8.7152e-06,8.4903e-06,8.2394e-06,7.9654e-06,7.6715e-06,7.361e-06,7.0372e-06,6.7034e-06,6.3631e-06,6.0193e-06,5.6754e-06,5.3357e-06,5.0227e-06
-4.9378e-07,-8.1305e-07,-1.1266e-06,-1.4124e-06,-1.6701e-06,-1.9009e-06,-2.1063e-06,-2.2876e-06,-2.4465e-06,-2.5844e-06,-2.7028e-06,-2.8029e-06,-2.8861e-06,-2.9535e-06,-3.0062e-06,-3.045e-06,-3.0708e-06,-3.0843e-06,-3.0861e-06,-3.0765e-06,-3.056e-06,-3.0249e-06,-2.9832e-06,-2.9311e-06,-2.8685e-06,-2.7954e-06,-2.7116e-06,-2.6169e-06,-2.5111e-06,-2.3938e-06,-2.2646e-06,-2.1234e-06,-1.9695e-06,-1.8028e-06,-1.6227e-06,-1.4289e-06,-1.2211e-06,-9.9891e-07,-7.6213e-07,-5.1053e-07,-2.4398e-07,3.757e-08,3.3406e-07,6.4532e-07,9.7105e-07,1.3108e-06,1.664e-06,2.0299e-06,2.4077e-06,2.7959e-06,3.1931e-06,3.5978e-06,4.0082e-06,4.4223e-06,4.8379e-06,5.2526e-06,5.6637e-06,6.0686e-06,6.4644e-06,6.848e-06,7.2163e-06,7.5663e-06,7.8948e-06,8.1988e-06,8.4754e-06,8.7217e-06,8.9354e-06,9.114e-06,9.2558e-06,9.3591e-06,9.4228e-06,9.4464e-06,9.4295e-06,9.3726e-06,9.2764e-06,9.1421e-06,8.9716e-06,8.767e-06,8.5309e-06,8.2661e-06,7.976e-06,7.6638e-06,7.3331e-06,6.9876e-06,6.631e-06,6.2668e-06,5.8987e-06,5.53e-06,5.1656e-06,4.8297e-06
-8.1715e-07,-1.1456e-06,-1.4681e-06,-1.7621e-06,-2.0273e-06,-2.2648e-06,-2.4762e-06,-2.6631e-06,-2.827e-06,-2.9695e-06,-3.0922e-06,-3.1963e-06,-3.2833e-06,-3.3543e-06,-3.4105e-06,-3.4529e-06,-3.4821e-06,-3.4991e-06,-3.5043e-06,-3.4983e-06,-3.4814e-06,-3.4539e-06,-3.4159e-06,-3.3675e-06,-3.3087e-06,-3.2394e-06,-3.1594e-06,-3.0685e-06,-2.9663e-06,-2.8526e-06,-2.7269e-06,-2.5889e-06,-2.4381e-06,-2.274e-06,-2.0962e-06,-1.9044e-06,-1.698e-06,-1.4766e-06,-1.24e-06,-9.8787e-07,-7.1994e-07,-4.361e-07,-1.3633e-07,1.793e-07,5.1058e-07,8.5714e-07,1.2185e-06,1.5938e-06,1.9827e-06,2.3835e-06,2.7948e-06,3.2152e-06,3.6429e-06,4.0758e-06,4.5116e-06,4.9479e-06,5.382e-06,5.811e-06,6.2318e-06,6.6412e-06,7.0359e-06,7.4125e-06,7.7676e-06,8.0979e-06,8.4e-06,8.6709e-06,8.9077e-06,9.1078e-06,9.2691e-06,9.3895e-06,9.4677e-06,9.5029e-06,9.4946e-06,9.443e-06,9.3489e-06,9.2133e-06,9.0382e-06,8.8257e-06,8.5786e-06,8.2999e-06,7.9932e-06,7.6619e-06,7.3101e-06,6.9417e-06,6.5606e-06,6.1708e-06,5.7763e-06,5.3808e-06,4.9894e-06,4.6285e-06
-1.1724e-06,-1.5099e-06,-1.8414e-06,-2.1437e-06,-2.4162e-06,-2.6605e-06,-2.878e-06,-3.0704e-06,-3.2394e-06,-3.3866e-06,-3.5136e-06,-3.6219e-06,-3.7128e-06,-3.7876e-06,-3.8476e-06,-3.8936e-06,-3.9265e-06,-3.9472e-06,-3.9562e-06,-3.954e-06,-3.9411e-06,-3.9176e-06,-3.8838e-06,-3.8396e-06,-3.7851e-06,-3.7201e-06,-3.6444e-06,-3.5578e-06,-3.46e-06,-3.3505e-06,-3.229e-06,-3.0949e-06,-2.9478e-06,-2.7873e-06,-2.6126e-06,-2.4235e-06,-2.2193e-06,-1.9997e-06,-1.7641e-06,-1.5122e-06,-1.2437e-06,-9.5834e-07,-6.5602e-07,-3.367e-07,-4.9627e-10,3.5232e-07,7.2133e-07,1.1059e-06,1.5056e-06,1.9189e-06,2.3446e-06,2.781e-06,3.2265e-06,3.6789e-06,4.136e-06,4.5952e-06,5.0538e-06,5.5086e-06,5.9565e-06,6.394e-06,6.8175e-06,7.2234e-06,7.608e-06,7.9676e-06,8.2985e-06,8.5973e-06,8.8606e-06,9.0856e-06,9.2696e-06,9.4104e-06,9.5062e-06,9.5558e-06,9.5587e-06,9.5148e-06,9.4246e-06,9.2894e-06,9.1108e-06,8.8913e-06,8.6337e-06,8.3412e-06,8.0175e-06,7.6666e-06,7.2925e-06,6.8998e-06,6.4926e-06,6.0754e-06,5.6524e-06,5.2277e-06,4.807e-06,4.4186e-06
-1.5603e-06,-1.907e-06,-2.2475e-06,-2.5579e-06,-2.8379e-06,-3.089e-06,-3.3126e-06,-3.5106e-06,-3.6848e-06,-3.8367e-06,-3.9682e-06,-4.0807e-06,-4.1756e-06,-4.2545e-06,-4.3183e-06,-4.3682e-06,-4.4051e-06,-4.4298e-06,-4.4429e-06,-4.445e-06,-4.4364e-06,-4.4173e-06,-4.3881e-06,-4.3486e-06,-4.2989e-06,-4.2389e-06,-4.1682e-06,-4.0866e-06,-3.9938e-06,-3.8893e-06,-3.7727e-06,-3.6435e-06,-3.501e-06,-3.3448e-06,-3.1743e-06,-2.9888e-06,-2.7879e-06,-2.5709e-06,-2.3374e-06,-2.0867e-06,-1.8187e-06,-1.5328e-06,-1.2289e-06,-9.0677e-07,-5.6648e-07,-2.0816e-07,1.6789e-07,5.6116e-07,9.7121e-07,1.3968e-06,1.8367e-06,2.2893e-06,2.7529e-06,3.2255e-06,3.7048e-06,4.1881e-06,4.6725e-06,5.1549e-06,5.6319e-06,6.0998e-06,6.5548e-06,6.993e-06,7.4102e-06,7.8024e-06,8.1656e-06,8.4959e-06,8.7896e-06,9.0432e-06,9.2537e-06,9.4184e-06,9.5353e-06,9.6028e-06,9.6199e-06,9.5863e-06,9.5025e-06,9.3696e-06,9.1893e-06,8.9639e-06,8.6964e-06,8.3903e-06,8.0495e-06,7.6782e-06,7.2811e-06,6.8626e-06,6.4278e-06,5.9811e-06,5.5274e-06,5.0711e-06,4.6184e-06,4.1998e-06
-1.9819e-06,-2.3377e-06,-2.6872e-06,-3.0058e-06,-3.2933e-06,-3.5511e-06,-3.7809e-06,-3.9846e-06,-4.164e-06,-4.3208e-06,-4.4568e-06,-4.5736e-06,-4.6729e-06,-4.7558e-06,-4.8238e-06,-4.8778e-06,-4.919e-06,-4.948e-06,-4.9656e-06,-4.9722e-06,-4.9684e-06,-4.9543e-06,-4.9301e-06,-4.896e-06,-4.8517e-06,-4.7972e-06,-4.7322e-06,-4.6564e-06,-4.5695e-06,-4.4709e-06,-4.3601e-06,-4.2366e-06,-4.0998e-06,-3.949e-06,-3.7836e-06,-3.603e-06,-3.4064e-06,-3.1933e-06,-2.963e-06,-2.7148e-06,-2.4484e-06,-2.1632e-06,-1.8589e-06,-1.5352e-06,-1.1919e-06,-8.2904e-07,-4.4686e-07,-4.5693e-08,3.7396e-07,8.1146e-07,1.2653e-06,1.734e-06,2.2159e-06,2.7091e-06,3.2112e-06,3.7196e-06,4.2313e-06,4.743e-06,5.2511e-06,5.7518e-06,6.241e-06,6.7144e-06,7.1675e-06,7.5961e-06,7.9954e-06,8.3612e-06,8.6893e-06,8.9758e-06,9.217e-06,9.4099e-06,9.5519e-06,9.6409e-06,9.6758e-06,9.6559e-06,9.5814e-06,9.4532e-06,9.273e-06,9.0432e-06,8.7669e-06,8.4477e-06,8.0897e-06,7.6977e-06,7.2764e-06,6.831e-06,6.3667e-06,5.8886e-06,5.4017e-06,4.9112e-06,4.4236e-06,3.972e-06
-2.438e-06,-2.8029e-06,-3.1614e-06,-3.4883e-06,-3.7833e-06,-4.0479e-06,-4.284e-06,-4.4934e-06,-4.678e-06,-4.8397e-06,-4.9804e-06,-5.1018e-06,-5.2054e-06,-5.2927e-06,-5.365e-06,-5.4235e-06,-5.4692e-06,-5.5029e-06,-5.5253e-06,-5.5369e-06,-5.5383e-06,-5.5297e-06,-5.5112e-06,-5.4829e-06,-5.4447e-06,-5.3965e-06,-5.338e-06,-5.2688e-06,-5.1886e-06,-5.0968e-06,-4.9929e-06,-4.8762e-06,-4.7461e-06,-4.602e-06,-4.443e-06,-4.2685e-06,-4.0776e-06,-3.8697e-06,-3.644e-06,-3.3999e-06,-3.1365e-06,-2.8535e-06,-2.5502e-06,-2.2262e-06,-1.8812e-06,-1.5152e-06,-1.1281e-06,-7.2018e-07,-2.9179e-07,1.5677e-07,6.2394e-07,1.1084e-06,1.6086e-06,2.1226e-06,2.6481e-06,3.1824e-06,3.7226e-06,4.2651e-06,4.8064e-06,5.3422e-06,5.8684e-06,6.3801e-06,6.8728e-06,7.3414e-06,7.781e-06,8.1868e-06,8.5539e-06,8.8779e-06,9.1546e-06,9.3803e-06,9.552e-06,9.6671e-06,9.7238e-06,9.7214e-06,9.6595e-06,9.539e-06,9.3614e-06,9.1291e-06,8.8453e-06,8.5137e-06,8.1389e-06,7.7257e-06,7.2795e-06,6.8058e-06,6.3103e-06,5.7985e-06,5.2762e-06,4.7486e-06,4.2231e-06,3.7354e-06
-2.9294e-06,-3.3036e-06,-3.6711e-06,-4.0063e-06,-4.3088e-06,-4.5803e-06,-4.8226e-06,-5.0378e-06,-5.2278e-06,-5.3946e-06,-5.5401e-06,-5.6661e-06,-5.7743e-06,-5.8662e-06,-5.9431e-06,-6.0062e-06,-6.0567e-06,-6.0954e-06,-6.123e-06,-6.1402e-06,-6.1473e-06,-6.1447e-06,-6.1324e-06,-6.1107e-06,-6.0793e-06,-6.0382e-06,-5.987e-06,-5.9253e-06,-5.8528e-06,-5.7689e-06,-5.6729e-06,-5.5642e-06,-5.4422e-06,-5.306e-06,-5.1548e-06,-4.9878e-06,-4.8042e-06,-4.6031e-06,-4.3837e-06,-4.1451e-06,-3.8866e-06,-3.6073e-06,-3.3068e-06,-2.9842e-06,-2.6393e-06,-2.2717e-06,-1.8812e-06,-1.4678e-06,-1.0319e-06,-5.7347e-07,-9.3845e-08,4.0575e-07,9.2382e-07,1.4585e-06,2.0077e-06,2.5686e-06,3.1382e-06,3.7131e-06,4.2894e-06,4.8628e-06,5.4286e-06,5.9821e-06,6.5179e-06,7.0307e-06,7.515e-06,7.9654e-06,8.3765e-06,8.7432e-06,9.0607e-06,9.3245e-06,9.5311e-06,9.6773e-06,9.7608e-06,9.7802e-06,9.735e-06,9.6257e-06,9.4537e-06,9.2213e-06,8.9317e-06,8.5889e-06,8.1977e-06,7.7633e-06,7.2914e-06,6.7882e-06,6.2597e-06,5.7122e-06,5.1516e-06,4.5841e-06,4.0173e-06,3.4903e-06
-3.4571e-06,-3.8405e-06,-4.2171e-06,-4.5606e-06,-4.8707e-06,-5.1492e-06,-5.3979e-06,-5.6189e-06,-5.8144e-06,-5.9863e-06,-6.1368e-06,-6.2676e-06,-6.3805e-06,-6.4771e-06,-6.5589e-06,-6.627e-06,-6.6826e-06,-6.7267e-06,-6.76e-06,-6.7831e-06,-6.7964e-06,-6.8003e-06,-6.795e-06,-6.7805e-06,-6.7567e-06,-6.7235e-06,-6.6805e-06,-6.6274e-06,-6.5636e-06,-6.4887e-06,-6.4019e-06,-6.3026e-06,-6.1899e-06,-6.0631e-06,-5.9213e-06,-5.7635e-06,-5.5889e-06,-5.3964e-06,-5.185e-06,-4.9539e-06,-4.7021e-06,-4.4287e-06,-4.1328e-06,-3.8137e-06,-3.4707e-06,-3.1034e-06,-2.7113e-06,-2.2944e-06,-1.8525e-06,-1.3857e-06,-8.9486e-07,-3.8115e-07,1.5408e-07,7.0915e-07,1.2819e-06,1.8698e-06,2.4697e-06,3.0782e-06,3.6913e-06,4.3044e-06,4.9128e-06,5.5112e-06,6.094e-06,6.6552e-06,7.189e-06,7.6892e-06,8.1497e-06,8.5648e-06,8.9288e-06,9.2368e-06,9.4841e-06,9.6671e-06,9.7828e-06,9.8293e-06,9.8055e-06,9.7116e-06,9.5488e-06,9.3192e-06,9.0261e-06,8.6736e-06,8.2668e-06,7.8114e-06,7.3134e-06,6.7795e-06,6.2163e-06,5.6307e-06,5.0293e-06,4.4186e-06,3.8073e-06,3.2374e-06
-4.022e-06,-4.4146e-06,-4.8003e-06,-5.1522e-06,-5.47e-06,-5.7555e-06,-6.0106e-06,-6.2376e-06,-6.4386e-06,-6.6159e-06,-6.7714e-06,-6.9072e-06,-7.025e-06,-7.1266e-06,-7.2134e-06,-7.2868e-06,-7.3479e-06,-7.3977e-06,-7.437e-06,-7.4665e-06,-7.4867e-06,-7.4977e-06,-7.5e-06,-7.4935e-06,-7.4781e-06,-7.4536e-06,-7.4198e-06,-7.3763e-06,-7.3224e-06,-7.2577e-06,-7.1814e-06,-7.0929e-06,-6.9911e-06,-6.8754e-06,-6.7446e-06,-6.5978e-06,-6.434e-06,-6.252e-06,-6.0509e-06,-5.8294e-06,-5.5865e-06,-5.3211e-06,-5.0322e-06,-4.7188e-06,-4.3801e-06,-4.0153e-06,-3.6239e-06,-3.2054e-06,-2.7596e-06,-2.2865e-06,-1.786e-06,-1.2596e-06,-7.0826e-07,-1.3362e-07,4.6237e-07,1.0772e-06,1.708e-06,2.3511e-06,3.0025e-06,3.6576e-06,4.3112e-06,4.9579e-06,5.5915e-06,6.2056e-06,6.7938e-06,7.3492e-06,7.8651e-06,8.3347e-06,8.7518e-06,9.1104e-06,9.4051e-06,9.6314e-06,9.7857e-06,9.8651e-06,9.8683e-06,9.7947e-06,9.6453e-06,9.4221e-06,9.1284e-06,8.7683e-06,8.3472e-06,7.8711e-06,7.3467e-06,6.7811e-06,6.1816e-06,5.5557e-06,4.9107e-06,4.2537e-06,3.594e-06,2.9775e-06
-4.6249e-06,-5.0268e-06,-5.4217e-06,-5.7821e-06,-6.1076e-06,-6.4001e-06,-6.6618e-06,-6.8948e-06,-7.1015e-06,-7.2841e-06,-7.4449e-06,-7.5857e-06,-7.7087e-06,-7.8154e-06,-7.9076e-06,-7.9865e-06,-8.0534e-06,-8.1093e-06,-8.1552e-06,-8.1915e-06,-8.219e-06,-8.2379e-06,-8.2484e-06,-8.2506e-06,-8.2444e-06,-8.2297e-06,-8.2061e-06,-8.1732e-06,-8.1305e-06,-8.0773e-06,-8.013e-06,-7.9367e-06,-7.8475e-06,-7.7445e-06,-7.6266e-06,-7.4928e-06,-7.3419e-06,-7.1727e-06,-6.984e-06,-6.7745e-06,-6.5429e-06,-6.2881e-06,-6.0088e-06,-5.7037e-06,-5.3719e-06,-5.0124e-06,-4.6242e-06,-4.2067e-06,-3.7594e-06,-3.2821e-06,-2.7741e-06,-2.2368e-06,-1.671e-06,-1.0779e-06,-4.5951e-07,1.8201e-07,8.4373e-07,1.5222e-06,2.2132e-06,2.9121e-06,3.6136e-06,4.3117e-06,5e-06,5.6717e-06,6.3195e-06,6.9359e-06,7.5133e-06,8.0443e-06,8.5214e-06,8.9379e-06,9.2874e-06,9.5644e-06,9.7643e-06,9.8835e-06,9.9199e-06,9.8725e-06,9.7417e-06,9.5293e-06,9.2384e-06,8.8734e-06,8.4397e-06,7.9439e-06,7.393e-06,6.7949e-06,6.1576e-06,5.4892e-06,4.7976e-06,4.0908e-06,3.379e-06,2.7119e-06
-5.2666e-06,-5.6779e-06,-6.0821e-06,-6.451e-06,-6.7844e-06,-7.0841e-06,-7.3523e-06,-7.5915e-06,-7.804e-06,-7.9921e-06,-8.1581e-06,-8.3043e-06,-8.4325e-06,-8.5446e-06,-8.6423e-06,-8.727e-06,-8.8e-06,-8.8625e-06,-8.9152e-06,-8.9589e-06,-8.9943e-06,-9.0215e-06,-9.041e-06,-9.0527e-06,-9.0567e-06,-9.0527e-06,-9.0403e-06,-9.0193e-06,-8.989e-06,-8.9487e-06,-8.8978e-06,-8.8354e-06,-8.7605e-06,-8.6721e-06,-8.5691e-06,-8.4504e-06,-8.3146e-06,-8.1605e-06,-7.9867e-06,-7.7918e-06,-7.5744e-06,-7.3329e-06,-7.0661e-06,-6.7723e-06,-6.4504e-06,-6.0991e-06,-5.7171e-06,-5.3035e-06,-4.8576e-06,-4.3787e-06,-3.8659e-06,-3.32e-06,-2.7417e-06,-2.132e-06,-1.4924e-06,-8.2504e-07,-1.3262e-07,5.8146e-07,1.3131e-06,2.0575e-06,2.8091e-06,3.5619e-06,4.3088e-06,5.0426e-06,5.7553e-06,6.4387e-06,7.0844e-06,7.6839e-06,8.2288e-06,8.7112e-06,9.1235e-06,9.4593e-06,9.7129e-06,9.8797e-06,9.9567e-06,9.9422e-06,9.836e-06,9.6395e-06,9.3558e-06,8.9891e-06,8.5452e-06,8.031e-06,7.4541e-06,6.823e-06,6.1463e-06,5.4332e-06,4.6923e-06,3.9322e-06,3.1642e-06,2.4423e-06
-5.948e-06,-6.3688e-06,-6.7824e-06,-7.16e-06,-7.5013e-06,-7.8082e-06,-8.0832e-06,-8.3286e-06,-8.5469e-06,-8.7406e-06,-8.9121e-06,-9.0636e-06,-9.1973e-06,-9.3149e-06,-9.4184e-06,-9.5091e-06,-9.5886e-06,-9.6579e-06,-9.7179e-06,-9.7695e-06,-9.8132e-06,-9.8495e-06,-9.8786e-06,-9.9007e-06,-9.9156e-06,-9.9232e-06,-9.9232e-06,-9.9152e-06,-9.8986e-06,-9.8727e-06,-9.8368e-06,-9.7899e-06,-9.7312e-06,-9.6594e-06,-9.5735e-06,-9.4721e-06,-9.3539e-06,-9.2175e-06,-9.0613e-06,-8.8838e-06,-8.6834e-06,-8.4584e-06,-8.2072e-06,-7.9281e-06,-7.6194e-06,-7.2796e-06,-6.9072e-06,-6.5009e-06,-6.0596e-06,-5.5823e-06,-5.0679e-06,-4.5163e-06,-3.9281e-06,-3.3039e-06,-2.6449e-06,-1.953e-06,-1.2306e-06,-4.8106e-07,2.9171e-07,1.0829e-06,1.8868e-06,2.697e-06,3.5063e-06,4.3068e-06,5.0899e-06,5.8466e-06,6.5675e-06,7.2432e-06,7.8641e-06,8.4209e-06,8.9052e-06,9.3089e-06,9.6251e-06,9.8483e-06,9.9742e-06,1e-05,9.9258e-06,9.7515e-06,9.4801e-06,9.1159e-06,8.6648e-06,8.134e-06,7.5319e-06,6.8675e-06,6.1504e-06,5.3904e-06,4.5973e-06,3.7804e-06,2.952e-06,2.1708e-06
-6.6699e-06,-7.1004e-06,-7.5235e-06,-7.9099e-06,-8.2592e-06,-8.5735e-06,-8.8553e-06,-9.107e-06,-9.3313e-06,-9.5307e-06,-9.7077e-06,-9.8647e-06,-1.0004e-05,-1.0127e-05,-1.0237e-05,-1.0334e-05,-1.042e-05,-1.0496e-05,-1.0564e-05,-1.0624e-05,-1.0676e-05,-1.0722e-05,-1.0762e-05,-1.0795e-05,-1.0822e-05,-1.0842e-05,-1.0855e-05,-1.0862e-05,-1.086e-05,-1.085e-05,-1.0831e-05,-1.0801e-05,-1.076e-05,-1.0707e-05,-1.0641e-05,-1.0559e-05,-1.0461e-05,-1.0345e-05,-1.0209e-05,-1.0052e-05,-9.8721e-06,-9.667e-06,-9.4349e-06,-9.1739e-06,-8.8821e-06,-8.5577e-06,-8.1987e-06,-7.8036e-06,-7.3706e-06,-6.8986e-06,-6.3862e-06,-5.8323e-06,-5.2372e-06,-4.6013e-06,-3.9253e-06,-3.2107e-06,-2.4597e-06,-1.6753e-06,-8.6139e-07,-2.2655e-08,8.3517e-07,1.7055e-06,2.5806e-06,3.4523e-06,4.3113e-06,5.1476e-06,5.9511e-06,6.711e-06,7.4166e-06,8.0574e-06,8.6232e-06,9.1047e-06,9.4937e-06,9.7831e-06,9.9675e-06,1.0043e-05,1.0008e-05,9.8635e-06,9.6106e-06,9.2539e-06,8.7995e-06,8.2548e-06,7.6288e-06,6.9313e-06,6.1728e-06,5.364e-06,4.5157e-06,3.6383e-06,2.7451e-06,1.9e-06
-7.4333e-06,-7.8735e-06,-8.3063e-06,-8.7016e-06,-9.0591e-06,-9.3809e-06,-9.6696e-06,-9.9277e-06,-1.0158e-05,-1.0363e-05,-1.0546e-05,-1.0708e-05,-1.0853e-05,-1.0982e-05,-1.1098e-05,-1.1201e-05,-1.1294e-05,-1.1378e-05,-1.1454e-05,-1.1522e-05,-1.1585e-05,-1.1641e-05,-1.1691e-05,-1.1736e-05,-1.1775e-05,-1.1809e-05,-1.1837e-05,-1.1859e-05,-1.1874e-05,-1.1881e-05,-1.188e-05,-1.187e-05,-1.1849e-05,-1.1817e-05,-1.1771e-05,-1.1712e-05,-1.1637e-05,-1.1544e-05,-1.1432e-05,-1.1299e-05,-1.1142e-05,-1.096e-05,-1.0751e-05,-1.0512e-05,-1.0241e-05,-9.9364e-06,-9.5951e-06,-9.2152e-06,-8.7949e-06,-8.3324e-06,-7.826e-06,-7.2737e-06,-6.6755e-06,-6.0313e-06,-5.3413e-06,-4.6066e-06,-3.8289e-06,-3.011e-06,-2.1564e-06,-1.2698e-06,-3.5685e-07,5.7568e-07,1.5199e-06,2.4671e-06,3.4072e-06,4.3296e-06,5.2231e-06,6.0756e-06,6.8752e-06,7.6098e-06,8.2678e-06,8.8381e-06,9.3108e-06,9.6774e-06,9.9309e-06,1.0066e-05,1.0081e-05,9.9737e-06,9.7466e-06,9.4035e-06,8.9503e-06,8.3951e-06,7.7472e-06,7.0173e-06,6.2168e-06,5.3575e-06,4.4513e-06,3.5096e-06,2.5472e-06,1.6333e-06
-8.2389e-06,-8.6891e-06,-9.1317e-06,-9.5361e-06,-9.902e-06,-1.0231e-05,-1.0527e-05,-1.0792e-05,-1.1028e-05,-1.1239e-05,-1.1427e-05,-1.1596e-05,-1.1746e-05,-1.1881e-05,-1.2003e-05,-1.2113e-05,-1.2213e-05,-1.2304e-05,-1.2388e-05,-1.2466e-05,-1.2538e-05,-1.2604e-05,-1.2666e-05,-1.2724e-05,-1.2777e-05,-1.2825e-05,-1.2869e-05,-1.2907e-05,-1.294e-05,-1.2966e-05,-1.2984e-05,-1.2995e-05,-1.2996e-05,-1.2987e-05,-1.2966e-05,-1.2931e-05,-1.2881e-05,-1.2815e-05,-1.273e-05,-1.2623e-05,-1.2494e-05,-1.234e-05,-1.2157e-05,-1.1945e-05,-1.1699e-05,-1.1418e-05,-1.1099e-05,-1.0739e-05,-1.0336e-05,-9.8876e-06,-9.3917e-06,-8.8457e-06,-8.2487e-06,-7.6002e-06,-6.8998e-06,-6.1482e-06,-5.3465e-06,-4.497e-06,-3.603e-06,-2.6689e-06,-1.7002e-06,-7.0375e-07,3.1234e-07,1.3388e-06,2.3652e-06,3.3801e-06,4.371e-06,5.3248e-06,6.228e-06,7.067e-06,7.8284e-06,8.4993e-06,9.0679e-06,9.5238e-06,9.8584e-06,1.0065e-05,1.0139e-05,1.008e-05,9.887e-06,9.5647e-06,9.1187e-06,8.5572e-06,7.8901e-06,7.129e-06,6.2863e-06,5.3751e-06,4.4083e-06,3.3986e-06,2.3622e-06,1.3744e-06
-9.0875e-06,-9.5479e-06,-1.0001e-05,-1.0414e-05,-1.0789e-05,-1.1126e-05,-1.1429e-05,-1.17e-05,-1.1943e-05,-1.2159e-05,-1.2353e-05,-1.2527e-05,-1.2683e-05,-1.2824e-05,-1.2952e-05,-1.3068e-05,-1.3176e-05,-1.3275e-05,-1.3367e-05,-1.3454e-05,-1.3536e-05,-1.3614e-05,-1.3688e-05,-1.3758e-05,-1.3826e-05,-1.3889e-05,-1.3949e-05,-1.4006e-05,-1.4057e-05,-1.4103e-05,-1.4144e-05,-1.4177e-05,-1.4202e-05,-1.4218e-05,-1.4223e-05,-1.4216e-05,-1.4195e-05,-1.4157e-05,-1.4102e-05,-1.4027e-05,-1.3928e-05,-1.3805e-05,-1.3654e-05,-1.3472e-05,-1.3256e-05,-1.3004e-05,-1.2712e-05,-1.2377e-05,-1.1996e-05,-1.1567e-05,-1.1087e-05,-1.0552e-05,-9.9615e-06,-9.3133e-06,-8.6069e-06,-7.8422e-06,-7.0198e-06,-6.1414e-06,-5.2099e-06,-4.2293e-06,-3.205e-06,-2.1437e-06,-1.0536e-06,5.5751e-08,1.1732e-06,2.2866e-06,3.3823e-06,4.4461e-06,5.4629e-06,6.4173e-06,7.294e-06,8.0781e-06,8.7557e-06,9.3143e-06,9.7431e-06,1.0034e-05,1.018e-05,1.0179e-05,1.0031e-05,9.7378e-06,9.3059e-06,8.7434e-06,8.0608e-06,7.2704e-06,6.3859e-06,5.4216e-06,4.3917e-06,3.3104e-06,2.1953e-06,1.1283e-06
-9.9801e-06,-1.0451e-05,-1.0914e-05,-1.1337e-05,-1.1721e-05,-1.2066e-05,-1.2376e-05,-1.2654e-05,-1.2902e-05,-1.3125e-05,-1.3324e-05,-1.3504e-05,-1.3665e-05,-1.3812e-05,-1.3946e-05,-1.4069e-05,-1.4183e-05,-1.429e-05,-1.4391e-05,-1.4487e-05,-1.458e-05,-1.4669e-05,-1.4755e-05,-1.4839e-05,-1.4922e-05,-1.5001e-05,-1.5079e-05,-1.5154e-05,-1.5226e-05,-1.5294e-05,-1.5357e-05,-1.5415e-05,-1.5466e-05,-1.5509e-05,-1.5543e-05,-1.5566e-05,-1.5576e-05,-1.5571e-05,-1.5549e-05,-1.5507e-05,-1.5444e-05,-1.5356e-05,-1.524e-05,-1.5093e-05,-1.4912e-05,-1.4694e-05,-1.4434e-05,-1.413e-05,-1.3777e-05,-1.3373e-05,-1.2914e-05,-1.2396e-05,-1.1817e-05,-1.1174e-05,-1.0467e-05,-9.6938e-06,-8.8548e-06,-7.9511e-06,-6.9848e-06,-5.9596e-06,-4.8805e-06,-3.754e-06,-2.5883e-06,-1.3934e-06,-1.8057e-07,1.037e-06,2.2448e-06,3.4273e-06,4.5677e-06,5.6488e-06,6.6533e-06,7.5641e-06,8.3648e-06,9.0405e-06,9.5781e-06,9.9669e-06,1.0199e-05,1.0269e-05,1.0177e-05,9.9231e-06,9.5135e-06,8.9565e-06,8.2629e-06,7.4461e-06,6.5208e-06,5.5026e-06,4.4074e-06,3.2508e-06,2.0521e-06,9.0043e-07
-1.0917e-05,-1.1399e-05,-1.1873e-05,-1.2306e-05,-1.2698e-05,-1.3052e-05,-1.3369e-05,-1.3653e-05,-1.3908e-05,-1.4136e-05,-1.4341e-05,-1.4526e-05,-1.4693e-05,-1.4845e-05,-1.4985e-05,-1.5115e-05,-1.5236e-05,-1.535e-05,-1.546e-05,-1.5565e-05,-1.5668e-05,-1.5769e-05,-1.5868e-05,-1.5966e-05,-1.6064e-05,-1.616e-05,-1.6256e-05,-1.6351e-05,-1.6444e-05,-1.6535e-05,-1.6622e-05,-1.6706e-05,-1.6785e-05,-1.6858e-05,-1.6923e-05,-1.6978e-05,-1.7022e-05,-1.7053e-05,-1.7067e-05,-1.7064e-05,-1.7039e-05,-1.6991e-05,-1.6915e-05,-1.6808e-05,-1.6667e-05,-1.6487e-05,-1.6265e-05,-1.5997e-05,-1.5678e-05,-1.5305e-05,-1.4873e-05,-1.4378e-05,-1.3817e-05,-1.3186e-05,-1.2483e-05,-1.1707e-05,-1.0856e-05,-9.9311e-06,-8.9336e-06,-7.8665e-06,-6.7343e-06,-5.5432e-06,-4.3013e-06,-3.0186e-06,-1.7069e-06,-3.7996e-07,9.4677e-07,2.2563e-06,3.5304e-06,4.7498e-06,5.8951e-06,6.9465e-06,7.8853e-06,8.6936e-06,9.3558e-06,9.8585e-06,1.0191e-05,1.0348e-05,1.0324e-05,1.0121e-05,9.7434e-06,9.1996e-06,8.5008e-06,7.6612e-06,6.6967e-06,5.6245e-06,4.4621e-06,3.2267e-06,1.9396e-06,6.9756e-07
-1.1901e-05,-1.2394e-05,-1.2879e-05,-1.3322e-05,-1.3723e-05,-1.4085e-05,-1.441e-05,-1.4701e-05,-1.4962e-05,-1.5195e-05,-1.5406e-05,-1.5595e-05,-1.5767e-05,-1.5925e-05,-1.607e-05,-1.6206e-05,-1.6333e-05,-1.6455e-05,-1.6573e-05,-1.6688e-05,-1.6801e-05,-1.6913e-05,-1.7025e-05,-1.7138e-05,-1.7251e-05,-1.7365e-05,-1.7479e-05,-1.7594e-05,-1.771e-05,-1.7825e-05,-1.7938e-05,-1.805e-05,-1.8158e-05,-1.8262e-05,-1.836e-05,-1.8451e-05,-1.8532e-05,-1.8601e-05,-1.8656e-05,-1.8694e-05,-1.8712e-05,-1.8707e-05,-1.8675e-05,-1.8613e-05,-1.8517e-05,-1.8381e-05,-1.8203e-05,-1.7977e-05,-1.7698e-05,-1.7361e-05,-1.6963e-05,-1.6497e-05,-1.596e-05,-1.5347e-05,-1.4656e-05,-1.3882e-05,-1.3025e-05,-1.2084e-05,-1.106e-05,-9.9549e-06,-8.7722e-06,-7.518e-06,-6.2001e-06,-4.8284e-06,-3.415e-06,-1.9743e-06,-5.2242e-07,9.2222e-07,2.3398e-06,3.7091e-06,5.0082e-06,6.2149e-06,7.3074e-06,8.265e-06,9.0688e-06,9.7025e-06,1.0153e-05,1.0411e-05,1.047e-05,1.0332e-05,9.9975e-06,9.4762e-06,8.7793e-06,7.9217e-06,6.9206e-06,5.7948e-06,4.5636e-06,3.246e-06,1.8658e-06,5.2751e-07
-1.293e-05,-1.3435e-05,-1.3932e-05,-1.4386e-05,-1.4797e-05,-1.5167e-05,-1.5499e-05,-1.5797e-05,-1.6063e-05,-1.6303e-05,-1.6518e-05,-1.6712e-05,-1.6889e-05,-1.7051e-05,-1.7201e-05,-1.7342e-05,-1.7476e-05,-1.7605e-05,-1.7731e-05,-1.7854e-05,-1.7977e-05,-1.8101e-05,-1.8226e-05,-1.8352e-05,-1.8481e-05,-1.8613e-05,-1.8747e-05,-1.8883e-05,-1.9021e-05,-1.9161e-05,-1.9302e-05,-1.9443e-05,-1.9582e-05,-1.9719e-05,-1.9853e-05,-1.9981e-05,-2.0101e-05,-2.0211e-05,-2.0309e-05,-2.0392e-05,-2.0457e-05,-2.0499e-05,-2.0517e-05,-2.0504e-05,-2.0458e-05,-2.0372e-05,-2.0243e-05,-2.0065e-05,-1.9832e-05,-1.9539e-05,-1.9181e-05,-1.8751e-05,-1.8246e-05,-1.7658e-05,-1.6984e-05,-1.622e-05,-1.5363e-05,-1.4412e-05,-1.3366e-05,-1.2227e-05,-1.0998e-05,-9.6828e-06,-8.2901e-06,-6.8293e-06,-5.3124e-06,-3.7542e-06,-2.1718e-06,-5.8466e-07,9.8574e-07,2.5162e-06,3.9823e-06,5.3591e-06,6.6217e-06,7.7459e-06,8.7095e-06,9.4927e-06,1.0079e-05,1.0456e-05,1.0616e-05,1.0556e-05,1.0279e-05,9.7906e-06,9.104e-06,8.2343e-06,7.2002e-06,6.0219e-06,4.7209e-06,3.3182e-06,1.8399e-06,3.9948e-07
-1.4008e-05,-1.4525e-05,-1.5034e-05,-1.5499e-05,-1.592e-05,-1.6299e-05,-1.6638e-05,-1.6943e-05,-1.7215e-05,-1.7459e-05,-1.7679e-05,-1.7877e-05,-1.8058e-05,-1.8224e-05,-1.8379e-05,-1.8525e-05,-1.8664e-05,-1.8799e-05,-1.8932e-05,-1.9064e-05,-1.9196e-05,-1.9331e-05,-1.9468e-05,-1.9609e-05,-1.9754e-05,-1.9903e-05,-2.0056e-05,-2.0214e-05,-2.0376e-05,-2.0541e-05,-2.071e-05,-2.0881e-05,-2.1053e-05,-2.1225e-05,-2.1396e-05,-2.1563e-05,-2.1725e-05,-2.1879e-05,-2.2024e-05,-2.2155e-05,-2.227e-05,-2.2364e-05,-2.2434e-05,-2.2476e-05,-2.2485e-05,-2.2454e-05,-2.238e-05,-2.2256e-05,-2.2075e-05,-2.1833e-05,-2.1521e-05,-2.1135e-05,-2.0667e-05,-2.0112e-05,-1.9463e-05,-1.8716e-05,-1.7866e-05,-1.6912e-05,-1.5851e-05,-1.4683e-05,-1.3411e-05,-1.2039e-05,-1.0574e-05,-9.0249e-06,-7.4038e-06,-5.7257e-06,-4.0083e-06,-2.2721e-06,-5.4013e-07,1.1623e-06,2.8085e-06,4.3703e-06,5.8196e-06,7.1286e-06,8.2711e-06,9.2235e-06,9.9655e-06,1.0481e-05,1.076e-05,1.0796e-05,1.059e-05,1.0148e-05,9.4813e-06,8.607e-06,7.5444e-06,6.3157e-06,4.9444e-06,3.4539e-06,1.8727e-06,3.242e-07
-1.5134e-05,-1.5664e-05,-1.6187e-05,-1.6663e-05,-1.7094e-05,-1.7482e-05,-1.7829e-05,-1.814e-05,-1.8418e-05,-1.8666e-05,-1.889e-05,-1.9092e-05,-1.9276e-05,-1.9445e-05,-1.9603e-05,-1.9753e-05,-1.9897e-05,-2.0037e-05,-2.0176e-05,-2.0315e-05,-2.0457e-05,-2.0601e-05,-2.0751e-05,-2.0905e-05,-2.1065e-05,-2.1231e-05,-2.1404e-05,-2.1584e-05,-2.1769e-05,-2.1961e-05,-2.2158e-05,-2.236e-05,-2.2566e-05,-2.2775e-05,-2.2984e-05,-2.3193e-05,-2.3399e-05,-2.36e-05,-2.3793e-05,-2.3975e-05,-2.4144e-05,-2.4294e-05,-2.4421e-05,-2.4522e-05,-2.459e-05,-2.462e-05,-2.4606e-05,-2.4542e-05,-2.442e-05,-2.4234e-05,-2.3977e-05,-2.3641e-05,-2.3219e-05,-2.2703e-05,-2.2087e-05,-2.1364e-05,-2.0529e-05,-1.9578e-05,-1.8508e-05,-1.7319e-05,-1.601e-05,-1.4586e-05,-1.3051e-05,-1.1416e-05,-9.6911e-06,-7.8917e-06,-6.0359e-06,-4.1452e-06,-2.2439e-06,-3.5934e-07,1.4792e-06,3.2408e-06,4.8936e-06,6.4059e-06,7.7473e-06,8.8899e-06,9.8088e-06,1.0484e-05,1.0901e-05,1.1052e-05,1.0934e-05,1.0553e-05,9.9187e-06,9.0486e-06,7.9634e-06,6.6873e-06,5.246e-06,3.6654e-06,1.9769e-06,3.1409e-07
-1.6309e-05,-1.6855e-05,-1.7391e-05,-1.788e-05,-1.8322e-05,-1.8718e-05,-1.9073e-05,-1.939e-05,-1.9673e-05,-1.9926e-05,-2.0152e-05,-2.0356e-05,-2.0542e-05,-2.0714e-05,-2.0874e-05,-2.1026e-05,-2.1173e-05,-2.1318e-05,-2.1462e-05,-2.1608e-05,-2.1757e-05,-2.1911e-05,-2.2071e-05,-2.2238e-05,-2.2413e-05,-2.2596e-05,-2.2788e-05,-2.2989e-05,-2.3198e-05,-2.3416e-05,-2.3643e-05,-2.3876e-05,-2.4117e-05,-2.4362e-05,-2.4612e-05,-2.4864e-05,-2.5115e-05,-2.5365e-05,-2.561e-05,-2.5847e-05,-2.6071e-05,-2.6281e-05,-2.6469e-05,-2.6633e-05,-2.6765e-05,-2.6861e-05,-2.6913e-05,-2.6914e-05,-2.6857e-05,-2.6734e-05,-2.6538e-05,-2.6259e-05,-2.5889e-05,-2.5421e-05,-2.4845e-05,-2.4155e-05,-2.3342e-05,-2.2403e-05,-2.1332e-05,-2.0127e-05,-1.8788e-05,-1.7317e-05,-1.5718e-05,-1.4e-05,-1.2173e-05,-1.0252e-05,-8.2556e-06,-6.2061e-06,-4.1289e-06,-2.0531e-06,-1.0334e-08,1.9652e-06,3.838e-06,5.5724e-06,7.1333e-06,8.4877e-06,9.6062e-06,1.0464e-05,1.1042e-05,1.1328e-05,1.1318e-05,1.1013e-05,1.0425e-05,9.5694e-06,8.469e-06,7.1496e-06,5.6394e-06,3.9668e-06,2.1667e-06,3.8355e-07
-1.7537e-05,-1.8097e-05,-1.8648e-05,-1.9151e-05,-1.9604e-05,-2.001e-05,-2.0372e-05,-2.0695e-05,-2.0982e-05,-2.1238e-05,-2.1466e-05,-2.1672e-05,-2.1859e-05,-2.2031e-05,-2.2192e-05,-2.2345e-05,-2.2494e-05,-2.2641e-05,-2.2788e-05,-2.2939e-05,-2.3094e-05,-2.3256e-05,-2.3426e-05,-2.3604e-05,-2.3793e-05,-2.3992e-05,-2.4203e-05,-2.4424e-05,-2.4658e-05,-2.4902e-05,-2.5157e-05,-2.5423e-05,-2.5698e-05,-2.5982e-05,-2.6273e-05,-2.6569e-05,-2.6868e-05,-2.7168e-05,-2.7467e-05,-2.776e-05,-2.8044e-05,-2.8315e-05,-2.8569e-05,-2.8799e-05,-2.9e-05,-2.9165e-05,-2.9288e-05,-2.936e-05,-2.9374e-05,-2.9321e-05,-2.9191e-05,-2.8976e-05,-2.8667e-05,-2.8253e-05,-2.7726e-05,-2.7075e-05,-2.6293e-05,-2.5373e-05,-2.4309e-05,-2.3097e-05,-2.1735e-05,-2.0223e-05,-1.8565e-05,-1.6768e-05,-1.4842e-05,-1.2801e-05,-1.0664e-05,-8.4531e-06,-6.1947e-06,-3.9197e-06,-1.6622e-06,5.4069e-07,2.6497e-06,4.6248e-06,6.4258e-06,8.0147e-06,9.3563e-06,1.0421e-05,1.1183e-05,1.1628e-05,1.1745e-05,1.1536e-05,1.1009e-05,1.0181e-05,9.0746e-06,7.7173e-06,6.1401e-06,4.3745e-06,2.4587e-06,5.4917e-07
-1.8816e-05,-1.9394e-05,-1.9961e-05,-2.0478e-05,-2.0943e-05,-2.1358e-05,-2.1728e-05,-2.2057e-05,-2.2348e-05,-2.2605e-05,-2.2835e-05,-2.304e-05,-2.3226e-05,-2.3397e-05,-2.3557e-05,-2.3709e-05,-2.3857e-05,-2.4005e-05,-2.4154e-05,-2.4307e-05,-2.4467e-05,-2.4635e-05,-2.4813e-05,-2.5001e-05,-2.5203e-05,-2.5417e-05,-2.5644e-05,-2.5886e-05,-2.6142e-05,-2.6412e-05,-2.6697e-05,-2.6994e-05,-2.7304e-05,-2.7626e-05,-2.7959e-05,-2.83e-05,-2.8648e-05,-2.9e-05,-2.9354e-05,-2.9705e-05,-3.0051e-05,-3.0387e-05,-3.0708e-05,-3.1008e-05,-3.1282e-05,-3.1521e-05,-3.1719e-05,-3.1867e-05,-3.1957e-05,-3.1979e-05,-3.1923e-05,-3.1779e-05,-3.1536e-05,-3.1184e-05,-3.0712e-05,-3.011e-05,-2.9367e-05,-2.8474e-05,-2.7425e-05,-2.6213e-05,-2.4835e-05,-2.329e-05,-2.158e-05,-1.971e-05,-1.7689e-05,-1.5531e-05,-1.3254e-05,-1.088e-05,-8.4367e-06,-5.9561e-06,-3.4745e-06,-1.032e-06,1.3285e-06,3.5623e-06,5.6242e-06,7.4704e-06,9.0596e-06,1.0356e-05,1.1328e-05,1.1956e-05,1.2225e-05,1.2132e-05,1.1685e-05,1.0898e-05,9.7955e-06,8.4071e-06,6.766e-06,4.907e-06,2.8719e-06,8.2997e-07
-2.0151e-05,-2.0746e-05,-2.1331e-05,-2.1863e-05,-2.2341e-05,-2.2766e-05,-2.3144e-05,-2.3477e-05,-2.3771e-05,-2.4029e-05,-2.4258e-05,-2.4461e-05,-2.4645e-05,-2.4812e-05,-2.4968e-05,-2.5117e-05,-2.5263e-05,-2.5408e-05,-2.5556e-05,-2.571e-05,-2.5872e-05,-2.6044e-05,-2.6228e-05,-2.6425e-05,-2.6637e-05,-2.6864e-05,-2.7108e-05,-2.7368e-05,-2.7646e-05,-2.7941e-05,-2.8253e-05,-2.8582e-05,-2.8927e-05,-2.9288e-05,-2.9662e-05,-3.0049e-05,-3.0446e-05,-3.0851e-05,-3.1261e-05,-3.1672e-05,-3.2082e-05,-3.2485e-05,-3.2876e-05,-3.3249e-05,-3.3597e-05,-3.3914e-05,-3.4191e-05,-3.442e-05,-3.459e-05,-3.4692e-05,-3.4715e-05,-3.4648e-05,-3.4478e-05,-3.4194e-05,-3.3785e-05,-3.3239e-05,-3.2542e-05,-3.1685e-05,-3.0659e-05,-2.9456e-05,-2.8071e-05,-2.6501e-05,-2.4745e-05,-2.2809e-05,-2.0698e-05,-1.8427e-05,-1.6012e-05,-1.3476e-05,-1.0845e-05,-8.1546e-06,-5.4413e-06,-2.7483e-06,-1.2231e-07,2.3875e-06,4.7307e-06,6.857e-06,8.7188e-06,1.0273e-05,1.1483e-05,1.2319e-05,1.2765e-05,1.2812e-05,1.2464e-05,1.1735e-05,1.0649e-05,9.2382e-06,7.5375e-06,5.5853e-06,3.4279e-06,1.2477e-06
-2.1541e-05,-2.2157e-05,-2.2762e-05,-2.331e-05,-2.3801e-05,-2.4237e-05,-2.4621e-05,-2.4959e-05,-2.5254e-05,-2.5512e-05,-2.5738e-05,-2.5937e-05,-2.6115e-05,-2.6277e-05,-2.6427e-05,-2.6569e-05,-2.6709e-05,-2.685e-05,-2.6994e-05,-2.7146e-05,-2.7307e-05,-2.748e-05,-2.7667e-05,-2.7871e-05,-2.8091e-05,-2.8329e-05,-2.8587e-05,-2.8864e-05,-2.9162e-05,-2.9481e-05,-2.982e-05,-3.018e-05,-3.0559e-05,-3.0957e-05,-3.1373e-05,-3.1805e-05,-3.2251e-05,-3.271e-05,-3.3177e-05,-3.365e-05,-3.4124e-05,-3.4595e-05,-3.5058e-05,-3.5506e-05,-3.5932e-05,-3.6329e-05,-3.6689e-05,-3.7001e-05,-3.7256e-05,-3.7443e-05,-3.7549e-05,-3.7564e-05,-3.7473e-05,-3.7264e-05,-3.6924e-05,-3.644e-05,-3.5797e-05,-3.4984e-05,-3.3989e-05,-3.2803e-05,-3.1419e-05,-2.9831e-05,-2.8038e-05,-2.6042e-05,-2.3849e-05,-2.147e-05,-1.8921e-05,-1.6224e-05,-1.3406e-05,-1.0502e-05,-7.5513e-06,-4.5988e-06,-1.6946e-06,1.1073e-06,3.751e-06,6.1801e-06,8.3396e-06,1.0179e-05,1.1654e-05,1.2728e-05,1.3377e-05,1.3589e-05,1.3362e-05,1.271e-05,1.1656e-05,1.0232e-05,8.4776e-06,6.4337e-06,4.1513e-06,1.8274e-06
-2.299e-05,-2.3629e-05,-2.4255e-05,-2.4821e-05,-2.5326e-05,-2.5773e-05,-2.6164e-05,-2.6505e-05,-2.68e-05,-2.7056e-05,-2.7277e-05,-2.7469e-05,-2.7639e-05,-2.7791e-05,-2.7931e-05,-2.8064e-05,-2.8195e-05,-2.8327e-05,-2.8464e-05,-2.861e-05,-2.8768e-05,-2.8939e-05,-2.9127e-05,-2.9333e-05,-2.9559e-05,-2.9806e-05,-3.0076e-05,-3.0368e-05,-3.0684e-05,-3.1025e-05,-3.1389e-05,-3.1778e-05,-3.219e-05,-3.2625e-05,-3.3082e-05,-3.3559e-05,-3.4054e-05,-3.4565e-05,-3.509e-05,-3.5624e-05,-3.6164e-05,-3.6704e-05,-3.724e-05,-3.7764e-05,-3.827e-05,-3.875e-05,-3.9194e-05,-3.9593e-05,-3.9935e-05,-4.021e-05,-4.0404e-05,-4.0505e-05,-4.0498e-05,-4.0369e-05,-4.0104e-05,-3.9688e-05,-3.9106e-05,-3.8344e-05,-3.7387e-05,-3.6226e-05,-3.485e-05,-3.3253e-05,-3.1431e-05,-2.9384e-05,-2.7115e-05,-2.4634e-05,-2.1956e-05,-1.9102e-05,-1.6099e-05,-1.298e-05,-9.7879e-06,-6.5685e-06,-3.3755e-06,-2.6698e-07,2.6956e-06,5.4491e-06,7.9313e-06,1.0083e-05,1.1852e-05,1.3194e-05,1.4076e-05,1.448e-05,1.4399e-05,1.3845e-05,1.2838e-05,1.1414e-05,9.6125e-06,7.4795e-06,5.0701e-06,2.597e-06
-2.4501e-05,-2.5166e-05,-2.5815e-05,-2.6401e-05,-2.6921e-05,-2.7379e-05,-2.7776e-05,-2.8119e-05,-2.8413e-05,-2.8663e-05,-2.8876e-05,-2.9058e-05,-2.9216e-05,-2.9356e-05,-2.9482e-05,-2.9602e-05,-2.9719e-05,-2.9839e-05,-2.9965e-05,-3.0101e-05,-3.0251e-05,-3.0417e-05,-3.0602e-05,-3.0807e-05,-3.1036e-05,-3.1289e-05,-3.1567e-05,-3.1872e-05,-3.2204e-05,-3.2564e-05,-3.2952e-05,-3.3368e-05,-3.3811e-05,-3.4281e-05,-3.4778e-05,-3.5299e-05,-3.5842e-05,-3.6406e-05,-3.6988e-05,-3.7583e-05,-3.8188e-05,-3.8798e-05,-3.9407e-05,-4.0008e-05,-4.0595e-05,-4.1158e-05,-4.1688e-05,-4.2175e-05,-4.2608e-05,-4.2973e-05,-4.3258e-05,-4.3448e-05,-4.3528e-05,-4.3484e-05,-4.3298e-05,-4.2955e-05,-4.244e-05,-4.1734e-05,-4.0824e-05,-3.9694e-05,-3.8335e-05,-3.6737e-05,-3.4893e-05,-3.2802e-05,-3.0465e-05,-2.789e-05,-2.5089e-05,-2.2082e-05,-1.8896e-05,-1.5565e-05,-1.2128e-05,-8.6371e-06,-5.1464e-06,-1.7186e-06,1.5795e-06,4.6782e-06,7.5072e-06,9.999e-06,1.2092e-05,1.3731e-05,1.4878e-05,1.5503e-05,1.5596e-05,1.5162e-05,1.4223e-05,1.2812e-05,1.0972e-05,8.7535e-06,6.2161e-06,3.5889e-06
-2.6077e-05,-2.677e-05,-2.7446e-05,-2.8053e-05,-2.859e-05,-2.9058e-05,-2.9461e-05,-2.9805e-05,-3.0095e-05,-3.0337e-05,-3.0539e-05,-3.0707e-05,-3.0849e-05,-3.097e-05,-3.1079e-05,-3.118e-05,-3.1279e-05,-3.1381e-05,-3.1492e-05,-3.1614e-05,-3.1751e-05,-3.1908e-05,-3.2085e-05,-3.2287e-05,-3.2514e-05,-3.2769e-05,-3.3053e-05,-3.3368e-05,-3.3713e-05,-3.409e-05,-3.4499e-05,-3.4939e-05,-3.5412e-05,-3.5916e-05,-3.645e-05,-3.7014e-05,-3.7604e-05,-3.8219e-05,-3.8857e-05,-3.9512e-05,-4.0182e-05,-4.0861e-05,-4.1543e-05,-4.2221e-05,-4.2888e-05,-4.3535e-05,-4.4152e-05,-4.4729e-05,-4.5252e-05,-4.5709e-05,-4.6086e-05,-4.6368e-05,-4.6539e-05,-4.6581e-05,-4.6478e-05,-4.6213e-05,-4.5768e-05,-4.5125e-05,-4.4265e-05,-4.3174e-05,-4.1838e-05,-4.0245e-05,-3.8388e-05,-3.626e-05,-3.3863e-05,-3.1201e-05,-2.8284e-05,-2.5131e-05,-2.1767e-05,-1.8224e-05,-1.4544e-05,-1.0777e-05,-6.9825e-06,-3.2248e-06,4.236e-07,3.8865e-06,7.0858e-06,9.9445e-06,1.2391e-05,1.436e-05,1.5802e-05,1.6681e-05,1.6976e-05,1.669e-05,1.5839e-05,1.4457e-05,1.259e-05,1.0291e-05,7.625e-06,4.839e-06
-2.7721e-05,-2.8447e-05,-2.9152e-05,-2.9784e-05,-3.0338e-05,-3.0817e-05,-3.1225e-05,-3.1567e-05,-3.185e-05,-3.2081e-05,-3.2267e-05,-3.2417e-05,-3.2537e-05,-3.2636e-05,-3.2721e-05,-3.2798e-05,-3.2873e-05,-3.2953e-05,-3.3042e-05,-3.3144e-05,-3.3265e-05,-3.3407e-05,-3.3573e-05,-3.3766e-05,-3.3988e-05,-3.4241e-05,-3.4527e-05,-3.4847e-05,-3.5202e-05,-3.5593e-05,-3.602e-05,-3.6483e-05,-3.6983e-05,-3.7518e-05,-3.8088e-05,-3.8692e-05,-3.9327e-05,-3.9992e-05,-4.0683e-05,-4.1398e-05,-4.2131e-05,-4.2877e-05,-4.3631e-05,-4.4386e-05,-4.5133e-05,-4.5863e-05,-4.6567e-05,-4.7232e-05,-4.7846e-05,-4.8396e-05,-4.8865e-05,-4.924e-05,-4.9501e-05,-4.9633e-05,-4.9615e-05,-4.9429e-05,-4.9058e-05,-4.848e-05,-4.7676e-05,-4.6628e-05,-4.5321e-05,-4.374e-05,-4.1875e-05,-3.9719e-05,-3.7269e-05,-3.4527e-05,-3.1502e-05,-2.8208e-05,-2.4671e-05,-2.0921e-05,-1.6999e-05,-1.2956e-05,-8.8526e-06,-4.7567e-06,-7.4519e-07,3.0993e-06,6.6906e-06,9.9423e-06,1.2772e-05,1.5104e-05,1.6875e-05,1.804e-05,1.857e-05,1.8459e-05,1.772e-05,1.6386e-05,1.4504e-05,1.2131e-05,9.3373e-06,6.3884e-06
-2.9439e-05,-3.0202e-05,-3.094e-05,-3.1598e-05,-3.2171e-05,-3.2661e-05,-3.3073e-05,-3.3411e-05,-3.3684e-05,-3.3899e-05,-3.4065e-05,-3.419e-05,-3.4284e-05,-3.4353e-05,-3.4408e-05,-3.4454e-05,-3.4499e-05,-3.455e-05,-3.4611e-05,-3.4689e-05,-3.4786e-05,-3.4908e-05,-3.5057e-05,-3.5237e-05,-3.5449e-05,-3.5696e-05,-3.598e-05,-3.6302e-05,-3.6663e-05,-3.7064e-05,-3.7506e-05,-3.7988e-05,-3.8512e-05,-3.9076e-05,-3.9679e-05,-4.032e-05,-4.0998e-05,-4.171e-05,-4.2454e-05,-4.3225e-05,-4.402e-05,-4.4832e-05,-4.5656e-05,-4.6485e-05,-4.731e-05,-4.8122e-05,-4.8911e-05,-4.9664e-05,-5.0368e-05,-5.1009e-05,-5.1571e-05,-5.2037e-05,-5.239e-05,-5.261e-05,-5.2677e-05,-5.2572e-05,-5.2277e-05,-5.1766e-05,-5.102e-05,-5.0019e-05,-4.8744e-05,-4.7181e-05,-4.5314e-05,-4.3135e-05,-4.0639e-05,-3.7824e-05,-3.4697e-05,-3.127e-05,-2.7565e-05,-2.3613e-05,-1.9452e-05,-1.5134e-05,-1.0719e-05,-6.2786e-06,-1.8935e-06,2.3479e-06,6.3515e-06,1.0021e-05,1.3263e-05,1.599e-05,1.8126e-05,1.9612e-05,2.041e-05,2.0505e-05,1.9905e-05,1.8639e-05,1.6757e-05,1.4318e-05,1.1398e-05,8.2828e-06
-3.1235e-05,-3.2041e-05,-3.2818e-05,-3.3505e-05,-3.4098e-05,-3.4599e-05,-3.5012e-05,-3.5344e-05,-3.5602e-05,-3.5796e-05,-3.5936e-05,-3.603e-05,-3.6089e-05,-3.6122e-05,-3.6138e-05,-3.6147e-05,-3.6154e-05,-3.6169e-05,-3.6196e-05,-3.6241e-05,-3.6309e-05,-3.6405e-05,-3.6531e-05,-3.6692e-05,-3.6889e-05,-3.7125e-05,-3.7403e-05,-3.7722e-05,-3.8085e-05,-3.8493e-05,-3.8946e-05,-3.9444e-05,-3.9988e-05,-4.0578e-05,-4.1211e-05,-4.1887e-05,-4.2605e-05,-4.3362e-05,-4.4155e-05,-4.4981e-05,-4.5834e-05,-4.671e-05,-4.7602e-05,-4.8502e-05,-4.9403e-05,-5.0295e-05,-5.1166e-05,-5.2004e-05,-5.2795e-05,-5.3525e-05,-5.4178e-05,-5.4734e-05,-5.5176e-05,-5.5484e-05,-5.5636e-05,-5.5612e-05,-5.5389e-05,-5.4947e-05,-5.4261e-05,-5.3307e-05,-5.2068e-05,-5.0524e-05,-4.866e-05,-4.6463e-05,-4.3925e-05,-4.1043e-05,-3.782e-05,-3.4267e-05,-3.0401e-05,-2.6252e-05,-2.1856e-05,-1.7264e-05,-1.2537e-05,-7.7483e-06,-2.9811e-06,1.6703e-06,6.1045e-06,1.0216e-05,1.3898e-05,1.7052e-05,1.9588e-05,2.1432e-05,2.2535e-05,2.2869e-05,2.2436e-05,2.1263e-05,1.9397e-05,1.6901e-05,1.3859e-05,1.0574e-05
-3.3119e-05,-3.3973e-05,-3.4793e-05,-3.5512e-05,-3.6127e-05,-3.6638e-05,-3.7051e-05,-3.7372e-05,-3.7611e-05,-3.7777e-05,-3.7883e-05,-3.7938e-05,-3.7954e-05,-3.7942e-05,-3.7912e-05,-3.7874e-05,-3.7835e-05,-3.7805e-05,-3.779e-05,-3.7795e-05,-3.7827e-05,-3.789e-05,-3.7988e-05,-3.8123e-05,-3.83e-05,-3.852e-05,-3.8786e-05,-3.9098e-05,-3.9459e-05,-3.9869e-05,-4.033e-05,-4.084e-05,-4.1401e-05,-4.2012e-05,-4.2673e-05,-4.3381e-05,-4.4136e-05,-4.4934e-05,-4.5774e-05,-4.665e-05,-4.7559e-05,-4.8495e-05,-4.9452e-05,-5.0421e-05,-5.1395e-05,-5.2362e-05,-5.3312e-05,-5.4232e-05,-5.5108e-05,-5.5924e-05,-5.6663e-05,-5.7306e-05,-5.7835e-05,-5.8227e-05,-5.8461e-05,-5.8515e-05,-5.8364e-05,-5.7989e-05,-5.736e-05,-5.6454e-05,-5.525e-05,-5.3727e-05,-5.1867e-05,-4.9655e-05,-4.7079e-05,-4.4135e-05,-4.0822e-05,-3.7147e-05,-3.3126e-05,-2.8784e-05,-2.4158e-05,-1.9296e-05,-1.4257e-05,-9.1171e-06,-3.9614e-06,1.1113e-06,5.9925e-06,1.0567e-05,1.4718e-05,1.8331e-05,2.1302e-05,2.3543e-05,2.4987e-05,2.5597e-05,2.5364e-05,2.4309e-05,2.2479e-05,1.9938e-05,1.6777e-05,1.332e-05
-3.5096e-05,-3.6007e-05,-3.6876e-05,-3.7632e-05,-3.8269e-05,-3.879e-05,-3.9199e-05,-3.9505e-05,-3.9717e-05,-3.9849e-05,-3.9911e-05,-3.9918e-05,-3.9881e-05,-3.9814e-05,-3.9728e-05,-3.9633e-05,-3.9539e-05,-3.9455e-05,-3.9388e-05,-3.9346e-05,-3.9334e-05,-3.9356e-05,-3.9418e-05,-3.9522e-05,-3.9672e-05,-3.9871e-05,-4.0119e-05,-4.042e-05,-4.0774e-05,-4.1183e-05,-4.1646e-05,-4.2165e-05,-4.2739e-05,-4.3369e-05,-4.4053e-05,-4.4789e-05,-4.5577e-05,-4.6414e-05,-4.7296e-05,-4.822e-05,-4.9182e-05,-5.0174e-05,-5.1192e-05,-5.2226e-05,-5.3268e-05,-5.4308e-05,-5.5333e-05,-5.633e-05,-5.7286e-05,-5.8183e-05,-5.9004e-05,-5.973e-05,-6.034e-05,-6.0812e-05,-6.1124e-05,-6.1251e-05,-6.1169e-05,-6.0856e-05,-6.0282e-05,-5.9421e-05,-5.8251e-05,-5.6747e-05,-5.4891e-05,-5.2664e-05,-5.0052e-05,-4.7048e-05,-4.3647e-05,-3.9855e-05,-3.5683e-05,-3.1154e-05,-2.6302e-05,-2.1172e-05,-1.5823e-05,-1.033e-05,-4.7812e-06,7.2209e-07,6.065e-06,1.1124e-05,1.5769e-05,1.9873e-05,2.3315e-05,2.5991e-05,2.7817e-05,2.8741e-05,2.8742e-05,2.7835e-05,2.6062e-05,2.3491e-05,2.0216e-05,1.6584e-05
-3.7179e-05,-3.8155e-05,-3.908e-05,-3.9876e-05,-4.0538e-05,-4.1066e-05,-4.1468e-05,-4.1752e-05,-4.193e-05,-4.2017e-05,-4.2026e-05,-4.1973e-05,-4.1873e-05,-4.1738e-05,-4.1584e-05,-4.1421e-05,-4.126e-05,-4.1112e-05,-4.0985e-05,-4.0885e-05,-4.082e-05,-4.0795e-05,-4.0813e-05,-4.0879e-05,-4.0997e-05,-4.1167e-05,-4.1394e-05,-4.1677e-05,-4.202e-05,-4.2422e-05,-4.2885e-05,-4.3408e-05,-4.3991e-05,-4.4635e-05,-4.5339e-05,-4.61e-05,-4.6918e-05,-4.7789e-05,-4.871e-05,-4.9678e-05,-5.0688e-05,-5.1733e-05,-5.2807e-05,-5.3902e-05,-5.5008e-05,-5.6115e-05,-5.721e-05,-5.828e-05,-5.931e-05,-6.0283e-05,-6.118e-05,-6.1983e-05,-6.2669e-05,-6.3215e-05,-6.3598e-05,-6.3793e-05,-6.3774e-05,-6.3517e-05,-6.2992e-05,-6.2172e-05,-6.1031e-05,-5.9544e-05,-5.7688e-05,-5.5444e-05,-5.2796e-05,-4.9731e-05,-4.6244e-05,-4.2336e-05,-3.8016e-05,-3.3303e-05,-2.8227e-05,-2.2832e-05,-1.7175e-05,-1.1328e-05,-5.3818e-06,5.6032e-07,6.3781e-06,1.194e-05,1.7105e-05,2.1731e-05,2.5681e-05,2.8831e-05,3.1082e-05,3.2361e-05,3.2635e-05,3.1907e-05,3.0217e-05,2.763e-05,2.4249e-05,2.044e-05
-3.938e-05,-4.0431e-05,-4.142e-05,-4.2262e-05,-4.2949e-05,-4.3483e-05,-4.3872e-05,-4.4126e-05,-4.426e-05,-4.429e-05,-4.4234e-05,-4.4108e-05,-4.3929e-05,-4.3714e-05,-4.3478e-05,-4.3234e-05,-4.2995e-05,-4.2771e-05,-4.2572e-05,-4.2406e-05,-4.2279e-05,-4.2196e-05,-4.2164e-05,-4.2185e-05,-4.2262e-05,-4.24e-05,-4.2598e-05,-4.286e-05,-4.3186e-05,-4.3577e-05,-4.4034e-05,-4.4558e-05,-4.5147e-05,-4.5802e-05,-4.6521e-05,-4.7303e-05,-4.8147e-05,-4.9048e-05,-5.0005e-05,-5.1013e-05,-5.2067e-05,-5.316e-05,-5.4286e-05,-5.5437e-05,-5.6602e-05,-5.777e-05,-5.893e-05,-6.0066e-05,-6.1164e-05,-6.2206e-05,-6.3173e-05,-6.4045e-05,-6.4799e-05,-6.5413e-05,-6.586e-05,-6.6115e-05,-6.6151e-05,-6.5942e-05,-6.546e-05,-6.4674e-05,-6.3555e-05,-6.2078e-05,-6.0218e-05,-5.7952e-05,-5.5263e-05,-5.2136e-05,-4.8561e-05,-4.4536e-05,-4.0068e-05,-3.5171e-05,-2.9874e-05,-2.4214e-05,-1.8249e-05,-1.2048e-05,-5.6995e-06,6.8895e-07,6.9939e-06,1.3076e-05,1.8785e-05,2.3965e-05,2.8459e-05,3.2127e-05,3.4845e-05,3.6523e-05,3.7111e-05,3.6599e-05,3.5018e-05,3.2435e-05,2.8955e-05,2.4969e-05
-4.1714e-05,-4.2854e-05,-4.3916e-05,-4.4808e-05,-4.5521e-05,-4.6057e-05,-4.6426e-05,-4.6641e-05,-4.6718e-05,-4.6678e-05,-4.654e-05,-4.6324e-05,-4.6052e-05,-4.574e-05,-4.5408e-05,-4.5069e-05,-4.4737e-05,-4.4425e-05,-4.4143e-05,-4.3898e-05,-4.3699e-05,-4.3551e-05,-4.346e-05,-4.3428e-05,-4.3459e-05,-4.3557e-05,-4.3722e-05,-4.3956e-05,-4.4261e-05,-4.4637e-05,-4.5085e-05,-4.5604e-05,-4.6195e-05,-4.6857e-05,-4.7588e-05,-4.8388e-05,-4.9253e-05,-5.0182e-05,-5.117e-05,-5.2213e-05,-5.3307e-05,-5.4444e-05,-5.5617e-05,-5.6818e-05,-5.8036e-05,-5.926e-05,-6.0478e-05,-6.1674e-05,-6.2833e-05,-6.3937e-05,-6.4966e-05,-6.5899e-05,-6.6714e-05,-6.7385e-05,-6.7888e-05,-6.8194e-05,-6.8276e-05,-6.8106e-05,-6.7657e-05,-6.6895e-05,-6.579e-05,-6.4314e-05,-6.2442e-05,-6.0148e-05,-5.7411e-05,-5.4215e-05,-5.0547e-05,-4.6402e-05,-4.1783e-05,-3.6701e-05,-3.118e-05,-2.5256e-05,-1.898e-05,-1.2421e-05,-5.6674e-06,1.1753e-06,7.9798e-06,1.4601e-05,2.0878e-05,2.6641e-05,3.1718e-05,3.5945e-05,3.9178e-05,4.1303e-05,4.225e-05,4.1992e-05,4.0553e-05,3.7994e-05,3.4424e-05,3.026e-05
-4.4202e-05,-4.5444e-05,-4.6591e-05,-4.7539e-05,-4.8278e-05,-4.8811e-05,-4.9151e-05,-4.9313e-05,-4.9318e-05,-4.9189e-05,-4.8951e-05,-4.8628e-05,-4.8243e-05,-4.7816e-05,-4.7369e-05,-4.6919e-05,-4.648e-05,-4.6065e-05,-4.5687e-05,-4.5353e-05,-4.5072e-05,-4.4849e-05,-4.469e-05,-4.4598e-05,-4.4576e-05,-4.4627e-05,-4.4753e-05,-4.4955e-05,-4.5234e-05,-4.5591e-05,-4.6025e-05,-4.6537e-05,-4.7126e-05,-4.7791e-05,-4.8531e-05,-4.9345e-05,-5.0228e-05,-5.118e-05,-5.2195e-05,-5.327e-05,-5.4399e-05,-5.5574e-05,-5.6789e-05,-5.8035e-05,-5.9301e-05,-6.0575e-05,-6.1844e-05,-6.3093e-05,-6.4305e-05,-6.5463e-05,-6.6545e-05,-6.7531e-05,-6.8396e-05,-6.9116e-05,-6.9663e-05,-7.001e-05,-7.0128e-05,-6.9987e-05,-6.9559e-05,-6.8809e-05,-6.7707e-05,-6.6222e-05,-6.4327e-05,-6.1994e-05,-5.92e-05,-5.5927e-05,-5.2158e-05,-4.7886e-05,-4.3109e-05,-3.7837e-05,-3.2088e-05,-2.5894e-05,-1.9304e-05,-1.2384e-05,-5.2169e-06,2.0894e-06,9.4068e-06,1.6585e-05,2.3456e-05,2.9835e-05,3.5533e-05,4.0365e-05,4.4162e-05,4.6785e-05,4.814e-05,4.8181e-05,4.6918e-05,4.4407e-05,4.0759e-05,3.6416e-05
-4.6866e-05,-4.823e-05,-4.9474e-05,-5.0484e-05,-5.1247e-05,-5.1771e-05,-5.2068e-05,-5.2161e-05,-5.2074e-05,-5.1836e-05,-5.1476e-05,-5.1022e-05,-5.0502e-05,-4.994e-05,-4.9358e-05,-4.8778e-05,-4.8214e-05,-4.7682e-05,-4.7194e-05,-4.6759e-05,-4.6384e-05,-4.6077e-05,-4.5842e-05,-4.5682e-05,-4.5601e-05,-4.56e-05,-4.5682e-05,-4.5847e-05,-4.6096e-05,-4.6429e-05,-4.6846e-05,-4.7347e-05,-4.7931e-05,-4.8596e-05,-4.9341e-05,-5.0165e-05,-5.1064e-05,-5.2034e-05,-5.3073e-05,-5.4175e-05,-5.5334e-05,-5.6544e-05,-5.7796e-05,-5.9081e-05,-6.0388e-05,-6.1705e-05,-6.3018e-05,-6.4313e-05,-6.557e-05,-6.6773e-05,-6.79e-05,-6.8928e-05,-6.9834e-05,-7.0591e-05,-7.1172e-05,-7.1549e-05,-7.169e-05,-7.1565e-05,-7.1146e-05,-7.0397e-05,-6.9284e-05,-6.7777e-05,-6.5845e-05,-6.3461e-05,-6.0598e-05,-5.7235e-05,-5.3354e-05,-4.8944e-05,-4.4001e-05,-3.8528e-05,-3.2543e-05,-2.6072e-05,-1.916e-05,-1.1869e-05,-4.2798e-06,3.5021e-06,1.1348e-05,1.9105e-05,2.6595e-05,3.3625e-05,3.9986e-05,4.5471e-05,4.9885e-05,5.3063e-05,5.488e-05,5.5269e-05,5.4222e-05,5.1787e-05,4.8074e-05,4.3549e-05
-4.9739e-05,-5.1245e-05,-5.2601e-05,-5.3678e-05,-5.4463e-05,-5.4966e-05,-5.5206e-05,-5.5208e-05,-5.5005e-05,-5.4631e-05,-5.4121e-05,-5.351e-05,-5.2828e-05,-5.2106e-05,-5.1368e-05,-5.0637e-05,-4.9931e-05,-4.9265e-05,-4.8652e-05,-4.8103e-05,-4.7624e-05,-4.7222e-05,-4.6903e-05,-4.6668e-05,-4.6521e-05,-4.6463e-05,-4.6496e-05,-4.662e-05,-4.6835e-05,-4.7141e-05,-4.7538e-05,-4.8025e-05,-4.86e-05,-4.9262e-05,-5.001e-05,-5.0841e-05,-5.1751e-05,-5.2738e-05,-5.3797e-05,-5.4922e-05,-5.6108e-05,-5.7346e-05,-5.863e-05,-5.9948e-05,-6.1291e-05,-6.2644e-05,-6.3995e-05,-6.5326e-05,-6.6621e-05,-6.786e-05,-6.9021e-05,-7.0082e-05,-7.1018e-05,-7.1801e-05,-7.2405e-05,-7.2798e-05,-7.2949e-05,-7.2828e-05,-7.2404e-05,-7.164e-05,-7.0502e-05,-6.8958e-05,-6.6975e-05,-6.4525e-05,-6.1578e-05,-5.8111e-05,-5.4103e-05,-4.9541e-05,-4.4417e-05,-3.8732e-05,-3.2497e-05,-2.5737e-05,-1.8491e-05,-1.0816e-05,-2.7912e-06,5.4826e-06,1.3877e-05,2.2236e-05,3.0377e-05,3.8095e-05,4.5164e-05,5.1356e-05,5.6447e-05,6.024e-05,6.2582e-05,6.3375e-05,6.259e-05,6.0261e-05,5.6498e-05,5.1791e-05
-5.2859e-05,-5.4532e-05,-5.6017e-05,-5.7166e-05,-5.7968e-05,-5.8436e-05,-5.8595e-05,-5.8479e-05,-5.8129e-05,-5.7586e-05,-5.6894e-05,-5.6093e-05,-5.5221e-05,-5.431e-05,-5.3391e-05,-5.2486e-05,-5.1617e-05,-5.08e-05,-5.0047e-05,-4.937e-05,-4.8776e-05,-4.8271e-05,-4.7859e-05,-4.7542e-05,-4.7323e-05,-4.7204e-05,-4.7183e-05,-4.7262e-05,-4.744e-05,-4.7717e-05,-4.8091e-05,-4.8561e-05,-4.9126e-05,-4.9783e-05,-5.0531e-05,-5.1366e-05,-5.2286e-05,-5.3285e-05,-5.436e-05,-5.5505e-05,-5.6713e-05,-5.7976e-05,-5.9287e-05,-6.0633e-05,-6.2005e-05,-6.3388e-05,-6.4769e-05,-6.613e-05,-6.7454e-05,-6.872e-05,-6.9906e-05,-7.0989e-05,-7.1943e-05,-7.2741e-05,-7.3353e-05,-7.3749e-05,-7.3898e-05,-7.3765e-05,-7.332e-05,-7.2526e-05,-7.1348e-05,-6.9751e-05,-6.7701e-05,-6.5168e-05,-6.212e-05,-5.8532e-05,-5.438e-05,-4.9649e-05,-4.4328e-05,-3.8412e-05,-3.1912e-05,-2.4846e-05,-1.7248e-05,-9.1725e-06,-6.9189e-07,8.0951e-06,1.7062e-05,2.6054e-05,3.4882e-05,4.3331e-05,5.1161e-05,5.8119e-05,6.3953e-05,6.8434e-05,7.137e-05,7.2631e-05,7.2161e-05,6.9976e-05,6.6178e-05,6.1286e-05
-5.6273e-05,-5.8145e-05,-5.9777e-05,-6.1003e-05,-6.1813e-05,-6.2226e-05,-6.2274e-05,-6.2005e-05,-6.1468e-05,-6.0716e-05,-5.9802e-05,-5.8773e-05,-5.7675e-05,-5.6544e-05,-5.5414e-05,-5.4311e-05,-5.3258e-05,-5.227e-05,-5.1363e-05,-5.0545e-05,-4.9825e-05,-4.9207e-05,-4.8694e-05,-4.829e-05,-4.7995e-05,-4.7809e-05,-4.7732e-05,-4.7763e-05,-4.7902e-05,-4.8147e-05,-4.8497e-05,-4.8949e-05,-4.9501e-05,-5.0152e-05,-5.0898e-05,-5.1736e-05,-5.2662e-05,-5.3672e-05,-5.4761e-05,-5.5922e-05,-5.7148e-05,-5.8432e-05,-5.9765e-05,-6.1135e-05,-6.253e-05,-6.3937e-05,-6.534e-05,-6.6723e-05,-6.8067e-05,-6.9351e-05,-7.0552e-05,-7.1647e-05,-7.2608e-05,-7.3408e-05,-7.4017e-05,-7.4403e-05,-7.4534e-05,-7.4375e-05,-7.3893e-05,-7.3053e-05,-7.1816e-05,-7.0147e-05,-6.8011e-05,-6.5375e-05,-6.2208e-05,-5.8481e-05,-5.4169e-05,-4.925e-05,-4.3713e-05,-3.7546e-05,-3.0759e-05,-2.3366e-05,-1.5394e-05,-6.8939e-06,2.0675e-06,1.1396e-05,2.0968e-05,3.0629e-05,4.0187e-05,4.942e-05,5.8071e-05,6.5866e-05,7.2521e-05,7.777e-05,8.1383e-05,8.3188e-05,8.3096e-05,8.1097e-05,7.7286e-05,7.2203e-05
-6.0046e-05,-6.2154e-05,-6.3955e-05,-6.526e-05,-6.6062e-05,-6.6389e-05,-6.6288e-05,-6.5818e-05,-6.5044e-05,-6.4034e-05,-6.2849e-05,-6.1549e-05,-6.0183e-05,-5.8796e-05,-5.7424e-05,-5.6095e-05,-5.4834e-05,-5.3658e-05,-5.2579e-05,-5.1608e-05,-5.0751e-05,-5.0012e-05,-4.9393e-05,-4.8896e-05,-4.852e-05,-4.8265e-05,-4.813e-05,-4.8112e-05,-4.821e-05,-4.8423e-05,-4.8747e-05,-4.918e-05,-4.972e-05,-5.0363e-05,-5.1106e-05,-5.1946e-05,-5.2877e-05,-5.3895e-05,-5.4995e-05,-5.617e-05,-5.7412e-05,-5.8713e-05,-6.0063e-05,-6.1451e-05,-6.2864e-05,-6.4288e-05,-6.5708e-05,-6.7105e-05,-6.8461e-05,-6.9754e-05,-7.0961e-05,-7.2056e-05,-7.3014e-05,-7.3805e-05,-7.4398e-05,-7.4761e-05,-7.486e-05,-7.466e-05,-7.4126e-05,-7.3223e-05,-7.1911e-05,-7.0152e-05,-6.7912e-05,-6.5153e-05,-6.1845e-05,-5.7955e-05,-5.3457e-05,-4.8328e-05,-4.2551e-05,-3.6118e-05,-2.9023e-05,-2.1278e-05,-1.2905e-05,-3.9512e-06,5.5232e-06,1.5428e-05,2.5646e-05,3.6022e-05,4.6365e-05,5.6445e-05,6.5991e-05,7.4705e-05,8.2274e-05,8.839e-05,9.2776e-05,9.5217e-05,9.5577e-05,9.3818e-05,9.0016e-05,8.4736e-05
-6.4257e-05,-6.6647e-05,-6.864e-05,-7.0022e-05,-7.0792e-05,-7.0992e-05,-7.0687e-05,-6.9956e-05,-6.8883e-05,-6.7552e-05,-6.6038e-05,-6.4412e-05,-6.2733e-05,-6.1048e-05,-5.9399e-05,-5.7816e-05,-5.6324e-05,-5.4939e-05,-5.3674e-05,-5.2537e-05,-5.1534e-05,-5.0666e-05,-4.9936e-05,-4.9342e-05,-4.8884e-05,-4.8558e-05,-4.8363e-05,-4.8297e-05,-4.8355e-05,-4.8535e-05,-4.8834e-05,-4.9248e-05,-4.9776e-05,-5.0411e-05,-5.1152e-05,-5.1992e-05,-5.2928e-05,-5.3954e-05,-5.5063e-05,-5.6249e-05,-5.7504e-05,-5.8819e-05,-6.0182e-05,-6.1584e-05,-6.3009e-05,-6.4445e-05,-6.5874e-05,-6.7279e-05,-6.8638e-05,-6.9932e-05,-7.1135e-05,-7.2222e-05,-7.3165e-05,-7.3935e-05,-7.45e-05,-7.4826e-05,-7.4881e-05,-7.4626e-05,-7.4025e-05,-7.3043e-05,-7.1639e-05,-6.9774e-05,-6.7411e-05,-6.4512e-05,-6.1043e-05,-5.697e-05,-5.2264e-05,-4.6899e-05,-4.0856e-05,-3.4121e-05,-2.6689e-05,-1.8567e-05,-9.7692e-06,-3.3165e-07,9.6945e-06,2.0219e-05,3.1131e-05,4.228e-05,5.3475e-05,6.4479e-05,7.5009e-05,8.4746e-05,9.3341e-05,0.00010044,0.00010572,0.00010891,0.00010982,0.00010836,0.0001046,9.9114e-05
-6.9013e-05,-7.174e-05,-7.3951e-05,-7.5402e-05,-7.6101e-05,-7.6114e-05,-7.5532e-05,-7.446e-05,-7.3008e-05,-7.1279e-05,-6.9366e-05,-6.7353e-05,-6.5305e-05,-6.3278e-05,-6.1314e-05,-5.9446e-05,-5.7698e-05,-5.6085e-05,-5.4619e-05,-5.3306e-05,-5.2149e-05,-5.1149e-05,-5.0304e-05,-4.9612e-05,-4.907e-05,-4.8674e-05,-4.8421e-05,-4.8306e-05,-4.8325e-05,-4.8475e-05,-4.8751e-05,-4.9149e-05,-4.9665e-05,-5.0294e-05,-5.1032e-05,-5.1874e-05,-5.2814e-05,-5.3846e-05,-5.4964e-05,-5.616e-05,-5.7425e-05,-5.875e-05,-6.0124e-05,-6.1535e-05,-6.2969e-05,-6.4411e-05,-6.5843e-05,-6.7248e-05,-6.8605e-05,-6.989e-05,-7.1081e-05,-7.215e-05,-7.3068e-05,-7.3806e-05,-7.4332e-05,-7.4611e-05,-7.4607e-05,-7.4284e-05,-7.3603e-05,-7.2528e-05,-7.1017e-05,-6.9029e-05,-6.6526e-05,-6.3468e-05,-5.9819e-05,-5.5544e-05,-5.0609e-05,-4.4986e-05,-3.8652e-05,-3.159e-05,-2.3789e-05,-1.5251e-05,-5.9872e-06,3.9723e-06,1.4583e-05,2.5772e-05,3.7438e-05,4.9429e-05,6.1557e-05,7.358e-05,8.5207e-05,9.6093e-05,0.00010585,0.00011409,0.00012042,0.00012449,0.00012607,0.000125,0.00012131,0.00011561
-7.4456e-05,-7.7587e-05,-8.0041e-05,-8.1538e-05,-8.2108e-05,-8.185e-05,-8.0891e-05,-7.9374e-05,-7.7439e-05,-7.5218e-05,-7.2822e-05,-7.0348e-05,-6.7871e-05,-6.5451e-05,-6.3133e-05,-6.0949e-05,-5.8922e-05,-5.7064e-05,-5.5385e-05,-5.3887e-05,-5.2571e-05,-5.1434e-05,-5.0474e-05,-4.9684e-05,-4.906e-05,-4.8597e-05,-4.8288e-05,-4.8129e-05,-4.8112e-05,-4.8235e-05,-4.8491e-05,-4.8875e-05,-4.9382e-05,-5.0007e-05,-5.0745e-05,-5.1589e-05,-5.2534e-05,-5.3573e-05,-5.4699e-05,-5.5904e-05,-5.7178e-05,-5.8512e-05,-5.9893e-05,-6.131e-05,-6.2748e-05,-6.4191e-05,-6.5622e-05,-6.7021e-05,-6.8367e-05,-6.9638e-05,-7.0808e-05,-7.185e-05,-7.2735e-05,-7.3432e-05,-7.3907e-05,-7.4127e-05,-7.4054e-05,-7.3651e-05,-7.2878e-05,-7.1696e-05,-7.0063e-05,-6.7939e-05,-6.5281e-05,-6.205e-05,-5.8205e-05,-5.3708e-05,-4.8525e-05,-4.2624e-05,-3.5977e-05,-2.8562e-05,-2.0364e-05,-1.1378e-05,-1.6098e-06,8.92e-06,2.0172e-05,3.208e-05,4.4557e-05,5.7468e-05,7.0624e-05,8.3784e-05,9.6644e-05,0.00010884,0.00011994,0.00012951,0.00013707,0.00014222,0.00014462,0.00014406,0.00014049,0.00013455
-8.0773e-05,-8.4392e-05,-8.711e-05,-8.8612e-05,-8.8963e-05,-8.831e-05,-8.6838e-05,-8.4738e-05,-8.2191e-05,-7.9361e-05,-7.6381e-05,-7.3363e-05,-7.0389e-05,-6.7524e-05,-6.481e-05,-6.228e-05,-5.9951e-05,-5.7834e-05,-5.5931e-05,-5.4244e-05,-5.2767e-05,-5.1495e-05,-5.0422e-05,-4.9538e-05,-4.8837e-05,-4.8311e-05,-4.7953e-05,-4.7754e-05,-4.7708e-05,-4.7808e-05,-4.8048e-05,-4.8423e-05,-4.8925e-05,-4.9549e-05,-5.0289e-05,-5.1138e-05,-5.2089e-05,-5.3137e-05,-5.4271e-05,-5.5484e-05,-5.6767e-05,-5.8107e-05,-5.9494e-05,-6.0914e-05,-6.2353e-05,-6.3793e-05,-6.5217e-05,-6.6605e-05,-6.7936e-05,-6.9186e-05,-7.0328e-05,-7.1336e-05,-7.2179e-05,-7.2826e-05,-7.3243e-05,-7.3394e-05,-7.3242e-05,-7.2748e-05,-7.1872e-05,-7.0573e-05,-6.8808e-05,-6.6535e-05,-6.3711e-05,-6.0292e-05,-5.6238e-05,-5.1506e-05,-4.606e-05,-3.9863e-05,-3.2883e-05,-2.5094e-05,-1.6474e-05,-7.0107e-06,3.2977e-06,1.444e-05,2.6387e-05,3.9085e-05,5.2452e-05,6.6364e-05,8.0656e-05,9.509e-05,0.00010935,0.00012305,0.00013572,0.00014686,0.00015592,0.00016239,0.00016583,0.00016592,0.00016255,0.00015634
-8.8225e-05,-9.2431e-05,-9.5425e-05,-9.6856e-05,-9.6847e-05,-9.5626e-05,-9.3453e-05,-9.0587e-05,-8.7264e-05,-8.3682e-05,-8.0001e-05,-7.6344e-05,-7.2801e-05,-6.9434e-05,-6.6286e-05,-6.3381e-05,-6.0733e-05,-5.8346e-05,-5.6216e-05,-5.4338e-05,-5.2704e-05,-5.1301e-05,-5.0121e-05,-4.9151e-05,-4.8382e-05,-4.7801e-05,-4.74e-05,-4.717e-05,-4.7101e-05,-4.7186e-05,-4.7417e-05,-4.7787e-05,-4.829e-05,-4.8918e-05,-4.9664e-05,-5.0521e-05,-5.1482e-05,-5.2539e-05,-5.3684e-05,-5.4906e-05,-5.6196e-05,-5.7543e-05,-5.8934e-05,-6.0356e-05,-6.1792e-05,-6.3226e-05,-6.464e-05,-6.6013e-05,-6.7323e-05,-6.8546e-05,-6.9655e-05,-7.0622e-05,-7.1417e-05,-7.2008e-05,-7.2359e-05,-7.2434e-05,-7.2196e-05,-7.1604e-05,-7.0617e-05,-6.9192e-05,-6.7287e-05,-6.4857e-05,-6.1857e-05,-5.8243e-05,-5.397e-05,-4.8994e-05,-4.3273e-05,-3.6768e-05,-2.9442e-05,-2.1262e-05,-1.22e-05,-2.2354e-06,8.6435e-06,2.0436e-05,3.3127e-05,4.6676e-05,6.1017e-05,7.6042e-05,9.1593e-05,0.00010745,0.00012331,0.00013875,0.00015328,0.00016631,0.00017721,0.00018533,0.0001901,0.00019107,0.000188,0.00018151
-9.7173e-05,-0.00010209,-0.00010534,-0.00010657,-0.00010598,-0.00010394,-0.00010081,-9.694e-05,-9.2633e-05,-8.8129e-05,-8.3611e-05,-7.9211e-05,-7.5022e-05,-7.1101e-05,-6.7482e-05,-6.4182e-05,-6.1204e-05,-5.8542e-05,-5.6188e-05,-5.4125e-05,-5.2343e-05,-5.082e-05,-4.9545e-05,-4.85e-05,-4.7673e-05,-4.7049e-05,-4.6617e-05,-4.6365e-05,-4.6283e-05,-4.6362e-05,-4.6593e-05,-4.6967e-05,-4.7477e-05,-4.8114e-05,-4.8872e-05,-4.9741e-05,-5.0715e-05,-5.1785e-05,-5.2942e-05,-5.4175e-05,-5.5474e-05,-5.6827e-05,-5.8222e-05,-5.9643e-05,-6.1076e-05,-6.2502e-05,-6.3903e-05,-6.5258e-05,-6.6544e-05,-6.7736e-05,-6.8807e-05,-6.973e-05,-7.0472e-05,-7.1e-05,-7.1281e-05,-7.1275e-05,-7.0946e-05,-7.0251e-05,-6.9148e-05,-6.7593e-05,-6.5543e-05,-6.2952e-05,-5.9774e-05,-5.596e-05,-5.1464e-05,-4.6239e-05,-4.024e-05,-3.3422e-05,-2.5743e-05,-1.7163e-05,-7.6472e-06,2.8347e-06,1.4306e-05,2.6779e-05,4.0255e-05,5.4712e-05,7.0104e-05,8.6347e-05,0.0001033,0.00012076,0.00013844,0.00015592,0.00017266,0.00018801,0.0002012,0.00021143,0.00021796,0.00022012,0.00021752,0.00021072
-0.00010813,-0.0001139,-0.00011736,-0.00011814,-0.00011664,-0.0001134,-0.00010896,-0.00010378,-9.8231e-05,-9.2604e-05,-8.7098e-05,-8.1848e-05,-7.694e-05,-7.2417e-05,-6.8302e-05,-6.4594e-05,-6.1285e-05,-5.8356e-05,-5.5789e-05,-5.3557e-05,-5.1641e-05,-5.0016e-05,-4.8662e-05,-4.756e-05,-4.6691e-05,-4.604e-05,-4.559e-05,-4.5331e-05,-4.5248e-05,-4.5332e-05,-4.5572e-05,-4.5959e-05,-4.6484e-05,-4.7139e-05,-4.7914e-05,-4.8802e-05,-4.9793e-05,-5.088e-05,-5.2051e-05,-5.3297e-05,-5.4607e-05,-5.5967e-05,-5.7366e-05,-5.8787e-05,-6.0216e-05,-6.1633e-05,-6.3019e-05,-6.4354e-05,-6.5614e-05,-6.6773e-05,-6.7805e-05,-6.8679e-05,-6.9366e-05,-6.9831e-05,-7.0038e-05,-6.995e-05,-6.9527e-05,-6.8728e-05,-6.7508e-05,-6.5823e-05,-6.3629e-05,-6.0878e-05,-5.7521e-05,-5.351e-05,-4.8794e-05,-4.3323e-05,-3.7049e-05,-2.9921e-05,-2.1891e-05,-1.2914e-05,-2.9435e-06,8.0601e-06,2.0133e-05,3.3305e-05,4.7593e-05,6.3002e-05,7.9512e-05,9.7067e-05,0.00011556,0.00013483,0.00015459,0.00017444,0.00019383,0.00021202,0.00022811,0.00024112,0.00025002,0.00025387,0.00025202,0.0002449
-0.00012188,-0.00012864,-0.00013212,-0.00013205,-0.00012912,-0.00012415,-0.00011792,-0.00011102,-0.00010392,-9.6947e-05,-9.0295e-05,-8.4092e-05,-7.8401e-05,-7.3246e-05,-6.8624e-05,-6.4512e-05,-6.0889e-05,-5.7712e-05,-5.4955e-05,-5.2579e-05,-5.0555e-05,-4.8852e-05,-4.7444e-05,-4.6306e-05,-4.5417e-05,-4.4757e-05,-4.4309e-05,-4.4058e-05,-4.399e-05,-4.4092e-05,-4.4354e-05,-4.4765e-05,-4.5315e-05,-4.5994e-05,-4.6795e-05,-4.7707e-05,-4.8722e-05,-4.9829e-05,-5.102e-05,-5.2282e-05,-5.3604e-05,-5.4974e-05,-5.6378e-05,-5.7801e-05,-5.9225e-05,-6.0633e-05,-6.2006e-05,-6.332e-05,-6.4553e-05,-6.5679e-05,-6.6671e-05,-6.7498e-05,-6.8129e-05,-6.853e-05,-6.8665e-05,-6.8496e-05,-6.7982e-05,-6.708e-05,-6.5747e-05,-6.3936e-05,-6.1603e-05,-5.8698e-05,-5.5171e-05,-5.0971e-05,-4.6045e-05,-4.0341e-05,-3.3803e-05,-2.6378e-05,-1.8012e-05,-8.6499e-06,1.7619e-06,1.3276e-05,2.5944e-05,3.9812e-05,5.4923e-05,7.1306e-05,8.8977e-05,0.00010792,0.00012808,0.00014933,0.00017145,0.00019406,0.00021662,0.00023833,0.00025815,0.00027484,0.00028702,0.00029335,0.00029271,0.00028531
-0.00013956,-0.00014745,-0.00015057,-0.00014892,-0.00014373,-0.00013626,-0.00012759,-0.00011848,-0.00010948,-0.00010091,-9.2959e-05,-8.5718e-05,-7.9209e-05,-7.3415e-05,-6.8304e-05,-6.3818e-05,-5.9911e-05,-5.6527e-05,-5.3617e-05,-5.1135e-05,-4.9039e-05,-4.7292e-05,-4.5861e-05,-4.4717e-05,-4.3833e-05,-4.3189e-05,-4.2764e-05,-4.254e-05,-4.2504e-05,-4.264e-05,-4.2938e-05,-4.3384e-05,-4.397e-05,-4.4685e-05,-4.5519e-05,-4.6463e-05,-4.7507e-05,-4.8641e-05,-4.9855e-05,-5.1138e-05,-5.2477e-05,-5.386e-05,-5.5271e-05,-5.6697e-05,-5.812e-05,-5.9521e-05,-6.088e-05,-6.2176e-05,-6.3384e-05,-6.4479e-05,-6.5433e-05,-6.6215e-05,-6.6794e-05,-6.7135e-05,-6.7202e-05,-6.6956e-05,-6.6356e-05,-6.536e-05,-6.3922e-05,-6.1994e-05,-5.9533e-05,-5.6487e-05,-5.2805e-05,-4.8432e-05,-4.3315e-05,-3.7396e-05,-3.0617e-05,-2.292e-05,-1.4243e-05,-4.5243e-06,6.3002e-06,1.8296e-05,3.153e-05,4.6071e-05,6.1984e-05,7.9335e-05,9.8179e-05,0.00011855,0.00014046,0.00016386,0.00018859,0.00021437,0.00024068,0.00026673,0.00029135,0.00031301,0.00032985,0.0003399,0.00034132,0.00033382
-0.00016304,-0.00017205,-0.00017397,-0.00016948,-0.00016073,-0.00014966,-0.0001377,-0.0001258,-0.0001145,-0.00010411,-9.4754e-05,-8.6433e-05,-7.912e-05,-7.2724e-05,-6.7173e-05,-6.2373e-05,-5.8245e-05,-5.4713e-05,-5.1708e-05,-4.9172e-05,-4.7053e-05,-4.5305e-05,-4.389e-05,-4.2774e-05,-4.1928e-05,-4.1327e-05,-4.0949e-05,-4.0776e-05,-4.0791e-05,-4.0978e-05,-4.1326e-05,-4.1823e-05,-4.2456e-05,-4.3216e-05,-4.4093e-05,-4.5077e-05,-4.6158e-05,-4.7326e-05,-4.8569e-05,-4.9877e-05,-5.1237e-05,-5.2636e-05,-5.4059e-05,-5.5492e-05,-5.6916e-05,-5.8314e-05,-5.9664e-05,-6.0945e-05,-6.2132e-05,-6.32e-05,-6.4121e-05,-6.4864e-05,-6.5397e-05,-6.5685e-05,-6.5692e-05,-6.5379e-05,-6.4704e-05,-6.3625e-05,-6.2094e-05,-6.0066e-05,-5.7494e-05,-5.4327e-05,-5.051e-05,-4.5989e-05,-4.0707e-05,-3.4603e-05,-2.7617e-05,-1.9683e-05,-1.0735e-05,-7.0288e-07,1.0488e-05,2.2916e-05,3.6664e-05,5.1823e-05,6.8487e-05,8.6758e-05,0.00010674,0.00012853,0.00015222,0.00017785,0.0002054,0.00023471,0.0002654,0.00029673,0.00032751,0.0003559,0.00037947,0.00039529,0.00040033,0.00039324
-0.00019541,-0.00020507,-0.000204,-0.00019447,-0.00018018,-0.00016398,-0.00014769,-0.00013233,-0.0001184,-0.00010603,-9.5236e-05,-8.588e-05,-7.7835e-05,-7.0939e-05,-6.5051e-05,-6.0038e-05,-5.5783e-05,-5.2187e-05,-4.9165e-05,-4.6644e-05,-4.4561e-05,-4.2866e-05,-4.1514e-05,-4.0467e-05,-3.9694e-05,-3.9168e-05,-3.8866e-05,-3.8766e-05,-3.8853e-05,-3.9111e-05,-3.9526e-05,-4.0086e-05,-4.078e-05,-4.1597e-05,-4.2526e-05,-4.3559e-05,-4.4684e-05,-4.5892e-05,-4.7171e-05,-4.851e-05,-4.9896e-05,-5.1317e-05,-5.2757e-05,-5.4202e-05,-5.5633e-05,-5.7032e-05,-5.8379e-05,-5.9651e-05,-6.0825e-05,-6.1873e-05,-6.2769e-05,-6.3481e-05,-6.3978e-05,-6.4224e-05,-6.4184e-05,-6.3817e-05,-6.3083e-05,-6.1938e-05,-6.0333e-05,-5.8226e-05,-5.5568e-05,-5.2305e-05,-4.8383e-05,-4.3746e-05,-3.8334e-05,-3.2085e-05,-2.4934e-05,-1.6812e-05,-7.6463e-06,2.6404e-06,1.4132e-05,2.692e-05,4.1104e-05,5.6796e-05,7.4121e-05,9.3216e-05,0.00011424,0.00013736,0.00016276,0.00019062,0.00022108,0.00025418,0.00028978,0.00032738,0.00036591,0.0004034,0.00043679,0.0004618,0.0004734,0.00046806
-0.0002421,-0.00025063,-0.0002428,-0.00022438,-0.00020156,-0.00017824,-0.00015647,-0.00013709,-0.0001203,-0.00010597,-9.3849e-05,-8.3631e-05,-7.5039e-05,-6.7821e-05,-6.1762e-05,-5.6682e-05,-5.2431e-05,-4.8885e-05,-4.5942e-05,-4.3519e-05,-4.1545e-05,-3.9964e-05,-3.8728e-05,-3.7796e-05,-3.7135e-05,-3.6717e-05,-3.6519e-05,-3.6519e-05,-3.67e-05,-3.7047e-05,-3.7545e-05,-3.8184e-05,-3.8951e-05,-3.9836e-05,-4.0828e-05,-4.1919e-05,-4.3097e-05,-4.4352e-05,-4.5674e-05,-4.705e-05,-4.847e-05,-4.9919e-05,-5.1383e-05,-5.2846e-05,-5.4291e-05,-5.5699e-05,-5.705e-05,-5.8322e-05,-5.9491e-05,-6.053e-05,-6.1412e-05,-6.2107e-05,-6.2581e-05,-6.2801e-05,-6.273e-05,-6.2328e-05,-6.1555e-05,-6.0366e-05,-5.8714e-05,-5.6555e-05,-5.384e-05,-5.0514e-05,-4.6524e-05,-4.181e-05,-3.6312e-05,-2.9967e-05,-2.2704e-05,-1.4454e-05,-5.1366e-06,5.3307e-06,1.7041e-05,3.0095e-05,4.461e-05,6.0717e-05,7.8568e-05,9.8339e-05,0.00012024,0.00014451,0.00017145,0.00020137,0.00023463,0.00027156,0.00031239,0.0003571,0.00040506,0.00045457,0.0005022,0.00054208,0.00056592,0.00056576
-0.00031314,-0.00031502,-0.00029256,-0.00025876,-0.0002232,-0.00019049,-0.00016224,-0.00013857,-0.00011907,-0.00010307,-8.9977e-05,-7.9242e-05,-7.0421e-05,-6.3156e-05,-5.7162e-05,-5.2213e-05,-4.8129e-05,-4.477e-05,-4.2021e-05,-3.979e-05,-3.8005e-05,-3.6604e-05,-3.5539e-05,-3.477e-05,-3.4262e-05,-3.3987e-05,-3.3922e-05,-3.4046e-05,-3.4344e-05,-3.4798e-05,-3.5397e-05,-3.6128e-05,-3.6981e-05,-3.7945e-05,-3.9011e-05,-4.0168e-05,-4.1407e-05,-4.2718e-05,-4.4091e-05,-4.5513e-05,-4.6973e-05,-4.8458e-05,-4.9953e-05,-5.1443e-05,-5.291e-05,-5.4338e-05,-5.5704e-05,-5.6987e-05,-5.8163e-05,-5.9207e-05,-6.009e-05,-6.0783e-05,-6.1253e-05,-6.1466e-05,-6.1385e-05,-6.0972e-05,-6.0185e-05,-5.8979e-05,-5.7311e-05,-5.5133e-05,-5.2397e-05,-4.9048e-05,-4.5032e-05,-4.0289e-05,-3.4757e-05,-2.8371e-05,-2.106e-05,-1.275e-05,-3.3598e-06,7.2005e-06,1.9029e-05,3.2238e-05,4.6954e-05,6.3326e-05,8.1528e-05,0.00010177,0.00012431,0.00014946,0.00017761,0.00020924,0.00024493,0.00028537,0.00033133,0.00038349,0.00044223,0.00050689,0.00057462,0.00063852,0.00068568,0.00069924
-0.00042796,-0.00040711,-0.00035394,-0.00029455,-0.00024119,-0.0001972,-0.00016224,-0.00013481,-0.00011332,-9.6419e-05,-8.3029e-05,-7.2343e-05,-6.3754e-05,-5.6812e-05,-5.1178e-05,-4.6595e-05,-4.2869e-05,-3.9848e-05,-3.7415e-05,-3.5478e-05,-3.3963e-05,-3.2811e-05,-3.1975e-05,-3.1414e-05,-3.1098e-05,-3.0999e-05,-3.1095e-05,-3.1368e-05,-3.1802e-05,-3.2382e-05,-3.3096e-05,-3.3934e-05,-3.4884e-05,-3.5938e-05,-3.7086e-05,-3.832e-05,-3.9629e-05,-4.1004e-05,-4.2435e-05,-4.3911e-05,-4.542e-05,-4.6949e-05,-4.8485e-05,-5.0012e-05,-5.1514e-05,-5.2971e-05,-5.4365e-05,-5.5674e-05,-5.6873e-05,-5.7938e-05,-5.8841e-05,-5.9552e-05,-6.004e-05,-6.0269e-05,-6.0205e-05,-5.9808e-05,-5.9037e-05,-5.7848e-05,-5.6199e-05,-5.4041e-05,-5.1325e-05,-4.7998e-05,-4.4005e-05,-3.9285e-05,-3.3776e-05,-2.7413e-05,-2.0124e-05,-1.1833e-05,-2.4555e-06,8.0999e-06,1.9936e-05,3.3171e-05,4.7938e-05,6.4398e-05,8.2743e-05,0.0001032,0.00012607,0.00015172,0.00018062,0.00021338,0.00025082,0.00029398,0.00034424,0.00040329,0.00047305,0.00055518,0.0006496,0.00075106,0.00084269,0.00089125
-0.00062457,-0.00053587,-0.0004214,-0.00032289,-0.0002478,-0.00019284,-0.00015288,-0.00012359,-0.00010179,-8.5296e-05,-7.2625e-05,-6.2752e-05,-5.4972e-05,-4.8787e-05,-4.3843e-05,-3.988e-05,-3.6708e-05,-3.418e-05,-3.2185e-05,-3.0639e-05,-2.9472e-05,-2.8632e-05,-2.8075e-05,-2.7766e-05,-2.7677e-05,-2.7783e-05,-2.8066e-05,-2.8508e-05,-2.9096e-05,-2.9817e-05,-3.066e-05,-3.1616e-05,-3.2675e-05,-3.3828e-05,-3.5068e-05,-3.6386e-05,-3.7773e-05,-3.9221e-05,-4.0719e-05,-4.2258e-05,-4.3825e-05,-4.541e-05,-4.6997e-05,-4.8573e-05,-5.0121e-05,-5.1623e-05,-5.306e-05,-5.4411e-05,-5.5652e-05,-5.6758e-05,-5.7702e-05,-5.8455e-05,-5.8985e-05,-5.9259e-05,-5.9241e-05,-5.8892e-05,-5.8172e-05,-5.7038e-05,-5.5447e-05,-5.3352e-05,-5.0702e-05,-4.7446e-05,-4.3528e-05,-3.8889e-05,-3.3466e-05,-2.7194e-05,-2.0001e-05,-1.1811e-05,-2.539e-06,7.9073e-06,1.9632e-05,3.2754e-05,4.7411e-05,6.3766e-05,8.2018e-05,0.00010241,0.00012525,0.00015093,0.00017998,0.00021309,0.00025124,0.00029578,0.00034861,0.00041251,0.00049137,0.0005905,0.00071607,0.00087157,0.0010452,0.0011817
-0.00097118,-0.00069549,-0.00047157,-0.0003243,-0.00023084,-0.00017071,-0.0001308,-0.00010337,-8.3864e-05,-6.958e-05,-5.886e-05,-5.0657e-05,-4.4288e-05,-3.9293e-05,-3.5355e-05,-3.2247e-05,-2.9803e-05,-2.7903e-05,-2.6451e-05,-2.5376e-05,-2.4623e-05,-2.4146e-05,-2.3911e-05,-2.3888e-05,-2.4054e-05,-2.4389e-05,-2.4878e-05,-2.5506e-05,-2.6262e-05,-2.7136e-05,-2.8118e-05,-2.9201e-05,-3.0377e-05,-3.1638e-05,-3.2978e-05,-3.4388e-05,-3.5861e-05,-3.7389e-05,-3.8963e-05,-4.0573e-05,-4.2209e-05,-4.3859e-05,-4.551e-05,-4.7147e-05,-4.8756e-05,-5.0318e-05,-5.1815e-05,-5.3227e-05,-5.4529e-05,-5.5698e-05,-5.6708e-05,-5.7529e-05,-5.813e-05,-5.8478e-05,-5.8538e-05,-5.8273e-05,-5.7641e-05,-5.6602e-05,-5.5112e-05,-5.3124e-05,-5.0589e-05,-4.7455e-05,-4.3667e-05,-3.9168e-05,-3.3894e-05,-2.7782e-05,-2.0761e-05,-1.2754e-05,-3.6801e-06,6.5528e-06,1.8047e-05,3.0917e-05,4.53e-05,6.1354e-05,7.9271e-05,9.929e-05,0.00012171,0.00014692,0.00017545,0.00020799,0.00024556,0.00028961,0.00034237,0.00040728,0.00049001,0.00059999,0.00075287,0.00097252,0.001282,0.0016345
-0.0015278,-0.00081299,-0.00045051,-0.00027438,-0.0001822,-0.00012972,-9.749e-05,-7.6356e-05,-6.1749e-05,-5.1227e-05,-4.341e-05,-3.7473e-05,-3.29e-05,-2.9347e-05,-2.6584e-05,-2.4445e-05,-2.2811e-05,-2.1592e-05,-2.0721e-05,-2.0145e-05,-1.9824e-05,-1.9723e-05,-1.9818e-05,-2.0086e-05,-2.051e-05,-2.1075e-05,-2.177e-05,-2.2583e-05,-2.3506e-05,-2.4532e-05,-2.5652e-05,-2.6861e-05,-2.8153e-05,-2.9522e-05,-3.0961e-05,-3.2464e-05,-3.4024e-05,-3.5635e-05,-3.7287e-05,-3.8973e-05,-4.0682e-05,-4.2403e-05,-4.4124e-05,-4.5831e-05,-4.751e-05,-4.9144e-05,-5.0714e-05,-5.22e-05,-5.3579e-05,-5.4829e-05,-5.5923e-05,-5.6832e-05,-5.7526e-05,-5.7973e-05,-5.8137e-05,-5.7982e-05,-5.7468e-05,-5.6555e-05,-5.5198e-05,-5.3351e-05,-5.0967e-05,-4.7994e-05,-4.4378e-05,-4.0062e-05,-3.4985e-05,-2.9084e-05,-2.2289e-05,-1.4527e-05,-5.7182e-06,4.2249e-06,1.54e-05,2.7917e-05,4.1903e-05,5.7505e-05,7.4902e-05,9.431e-05,0.000116,0.00014033,0.00016775,0.00019891,0.00023469,0.00027642,0.00032615,0.00038728,0.00046581,0.00057326,0.00073347,0.0009975,0.0014697,0.002283
