5.7569e-18,-1.9606e-08,-6.691e-08,-1.3323e-07,-2.0892e-07,-2.8594e-07,-3.5807e-07,-4.2073e-07,-4.7063e-07,-5.0546e-07,-5.2366e-07,-5.2428e-07,-5.0677e-07,-4.7088e-07,-4.1663e-07,-3.4416e-07,-2.5376e-07,-1.4578e-07,-2.0619e-08,1.213e-07,2.7953e-07,4.5363e-07,6.4313e-07,8.4759e-07,1.0666e-06,1.2996e-06,1.5462e-06,1.8059e-06,2.0783e-06,2.3629e-06,2.6592e-06,2.9667e-06,3.2848e-06,3.6131e-06,3.951e-06,4.2979e-06,4.6532e-06,5.0163e-06,5.3867e-06,5.7635e-06,6.1463e-06,6.5343e-06,6.9267e-06,7.323e-06,7.7222e-06,8.1238e-06,8.5269e-06,8.9308e-06,9.3346e-06,9.7376e-06,1.0139e-05,1.0538e-05,1.0933e-05,1.1324e-05,1.1711e-05,1.2091e-05,1.2465e-05,1.2831e-05,1.3189e-05,1.3537e-05,1.3875e-05,1.4203e-05,1.4518e-05,1.4821e-05,1.5111e-05,1.5386e-05,1.5646e-05,1.5891e-05,1.6119e-05,1.6329e-05,1.6522e-05,1.6696e-05,1.685e-05,1.6985e-05,1.7098e-05,1.7191e-05,1.7263e-05,1.7314e-05,1.7343e-05,1.7351e-05,1.7339e-05,1.7307e-05,1.7259e-05,1.7196e-05,1.7122e-05,1.7042e-05,1.6963e-05,1.6894e-05,1.6844e-05,1.6823e-05
1.9609e-08,-2.1714e-12,-4.1071e-08,-9.6746e-08,-1.5985e-07,-2.2404e-07,-2.8415e-07,-3.361e-07,-3.7682e-07,-4.0406e-07,-4.1621e-07,-4.1218e-07,-3.913e-07,-3.5317e-07,-2.9765e-07,-2.2477e-07,-1.3467e-07,-2.7605e-08,9.613e-08,2.3619e-07,3.9219e-07,5.6373e-07,7.5042e-07,9.5183e-07,1.1675e-06,1.3971e-06,1.6401e-06,1.8961e-06,2.1646e-06,2.4451e-06,2.7372e-06,3.0404e-06,3.3541e-06,3.6779e-06,4.0111e-06,4.3532e-06,4.7037e-06,5.0619e-06,5.4271e-06,5.7989e-06,6.1764e-06,6.5591e-06,6.9462e-06,7.3371e-06,7.7309e-06,8.127e-06,8.5245e-06,8.9228e-06,9.321e-06,9.7184e-06,1.0114e-05,1.0507e-05,1.0897e-05,1.1283e-05,1.1663e-05,1.2038e-05,1.2407e-05,1.2767e-05,1.312e-05,1.3463e-05,1.3796e-05,1.4118e-05,1.4429e-05,1.4727e-05,1.5012e-05,1.5283e-05,1.5539e-05,1.5779e-05,1.6004e-05,1.6211e-05,1.6401e-05,1.6572e-05,1.6724e-05,1.6858e-05,1.6971e-05,1.7064e-05,1.7137e-05,1.719e-05,1.7222e-05,1.7235e-05,1.723e-05,1.7207e-05,1.7168e-05,1.7117e-05,1.7056e-05,1.699e-05,1.6924e-05,1.6866e-05,1.6823e-05,1.6801e-05
6.6972e-08,4.1063e-08,-8.974e-11,-5.0943e-08,-1.0635e-07,-1.616e-07,-2.1258e-07,-2.5592e-07,-2.8893e-07,-3.0956e-07,-3.1626e-07,-3.0792e-07,-2.838e-07,-2.4342e-07,-1.8654e-07,-1.1309e-07,-2.3099e-08,8.3268e-08,2.0579e-07,3.442e-07,4.9818e-07,6.6738e-07,8.5144e-07,1.05e-06,1.2626e-06,1.4889e-06,1.7285e-06,1.9808e-06,2.2456e-06,2.5222e-06,2.8103e-06,3.1094e-06,3.4188e-06,3.7382e-06,4.067e-06,4.4046e-06,4.7504e-06,5.1039e-06,5.4644e-06,5.8313e-06,6.2039e-06,6.5815e-06,6.9636e-06,7.3493e-06,7.738e-06,8.1289e-06,8.5212e-06,8.9143e-06,9.3072e-06,9.6993e-06,1.009e-05,1.0478e-05,1.0862e-05,1.1243e-05,1.1618e-05,1.1988e-05,1.2351e-05,1.2707e-05,1.3054e-05,1.3393e-05,1.3721e-05,1.4039e-05,1.4345e-05,1.4639e-05,1.4919e-05,1.5186e-05,1.5438e-05,1.5675e-05,1.5896e-05,1.6101e-05,1.6288e-05,1.6457e-05,1.6608e-05,1.674e-05,1.6853e-05,1.6946e-05,1.7021e-05,1.7076e-05,1.7112e-05,1.7129e-05,1.7129e-05,1.7114e-05,1.7083e-05,1.7041e-05,1.699e-05,1.6933e-05,1.6876e-05,1.6822e-05,1.6779e-05,1.6751e-05
1.3354e-07,9.6844e-08,5.0588e-08,-4.6446e-10,-5.2823e-08,-1.0313e-07,-1.4831e-07,-1.8569e-07,-2.1304e-07,-2.2857e-07,-2.3091e-07,-2.19e-07,-1.9212e-07,-1.4975e-07,-9.1595e-08,-1.7517e-08,7.2502e-08,1.7838e-07,2.9996e-07,4.3703e-07,5.8931e-07,7.5652e-07,9.3833e-07,1.1344e-06,1.3443e-06,1.5678e-06,1.8043e-06,2.0535e-06,2.3149e-06,2.5882e-06,2.8727e-06,3.1681e-06,3.4739e-06,3.7894e-06,4.1143e-06,4.4479e-06,4.7897e-06,5.139e-06,5.4953e-06,5.8579e-06,6.2262e-06,6.5996e-06,6.9772e-06,7.3585e-06,7.7428e-06,8.1292e-06,8.5171e-06,8.9056e-06,9.2941e-06,9.6816e-06,1.0068e-05,1.0451e-05,1.0831e-05,1.1207e-05,1.1578e-05,1.1944e-05,1.2303e-05,1.2654e-05,1.2997e-05,1.3332e-05,1.3656e-05,1.397e-05,1.4272e-05,1.4562e-05,1.484e-05,1.5103e-05,1.5352e-05,1.5586e-05,1.5805e-05,1.6007e-05,1.6192e-05,1.6359e-05,1.6509e-05,1.664e-05,1.6753e-05,1.6847e-05,1.6923e-05,1.698e-05,1.7018e-05,1.704e-05,1.7044e-05,1.7034e-05,1.7009e-05,1.6973e-05,1.6928e-05,1.6877e-05,1.6823e-05,1.6769e-05,1.6721e-05,1.6682e-05
2.0986e-07,1.6029e-07,1.0592e-07,5.129e-08,-1.3851e-09,-4.9866e-08,-9.1955e-08,-1.2563e-07,-1.4915e-07,-1.6102e-07,-1.6007e-07,-1.4537e-07,-1.1625e-07,-7.2212e-08,-1.2946e-08,6.1721e-08,1.5184e-07,2.5739e-07,3.7824e-07,5.1422e-07,6.6512e-07,8.3067e-07,1.0106e-06,1.2045e-06,1.4122e-06,1.6331e-06,1.8671e-06,2.1135e-06,2.3721e-06,2.6424e-06,2.9239e-06,3.2162e-06,3.5187e-06,3.831e-06,4.1526e-06,4.4827e-06,4.8211e-06,5.1669e-06,5.5196e-06,5.8786e-06,6.2433e-06,6.613e-06,6.987e-06,7.3646e-06,7.7451e-06,8.1278e-06,8.512e-06,8.8968e-06,9.2815e-06,9.6654e-06,1.0048e-05,1.0427e-05,1.0804e-05,1.1176e-05,1.1544e-05,1.1906e-05,1.2261e-05,1.2609e-05,1.2949e-05,1.328e-05,1.3601e-05,1.3912e-05,1.4211e-05,1.4499e-05,1.4773e-05,1.5034e-05,1.5281e-05,1.5512e-05,1.5729e-05,1.5929e-05,1.6112e-05,1.6279e-05,1.6428e-05,1.6559e-05,1.6671e-05,1.6766e-05,1.6843e-05,1.6901e-05,1.6942e-05,1.6966e-05,1.6974e-05,1.6967e-05,1.6947e-05,1.6915e-05,1.6873e-05,1.6823e-05,1.6769e-05,1.6712e-05,1.6655e-05,1.6602e-05
2.8805e-07,2.2517e-07,1.6126e-07,1.0102e-07,4.5761e-08,-3.1401e-09,-4.4214e-08,-7.6016e-08,-9.7224e-08,-1.0668e-07,-1.0343e-07,-8.668e-08,-5.5847e-08,-1.049e-08,4.969e-08,1.2487e-07,2.1512e-07,3.2043e-07,4.4072e-07,5.7585e-07,7.2562e-07,8.8981e-07,1.0682e-06,1.2604e-06,1.4661e-06,1.685e-06,1.9168e-06,2.1609e-06,2.4171e-06,2.685e-06,2.9639e-06,3.2536e-06,3.5534e-06,3.863e-06,4.1817e-06,4.5091e-06,4.8445e-06,5.1874e-06,5.5373e-06,5.8934e-06,6.2551e-06,6.6218e-06,6.9928e-06,7.3674e-06,7.7449e-06,8.1246e-06,8.5058e-06,8.8877e-06,9.2695e-06,9.6504e-06,1.003e-05,1.0407e-05,1.078e-05,1.115e-05,1.1515e-05,1.1874e-05,1.2227e-05,1.2572e-05,1.2909e-05,1.3238e-05,1.3557e-05,1.3865e-05,1.4162e-05,1.4447e-05,1.4719e-05,1.4978e-05,1.5223e-05,1.5453e-05,1.5668e-05,1.5867e-05,1.605e-05,1.6215e-05,1.6363e-05,1.6494e-05,1.6607e-05,1.6702e-05,1.678e-05,1.684e-05,1.6883e-05,1.6909e-05,1.6919e-05,1.6914e-05,1.6896e-05,1.6866e-05,1.6824e-05,1.6774e-05,1.6717e-05,1.6654e-05,1.6587e-05,1.6521e-05
3.6201e-07,2.8639e-07,2.1254e-07,1.4564e-07,8.6401e-08,3.5539e-08,-6.0413e-09,-3.7373e-08,-5.7512e-08,-6.5599e-08,-6.0887e-08,-4.2753e-08,-1.0706e-08,3.5627e-08,9.6507e-08,1.721e-07,2.6247e-07,3.6762e-07,4.8749e-07,6.2195e-07,7.7084e-07,9.3396e-07,1.111e-06,1.3018e-06,1.506e-06,1.7233e-06,1.9533e-06,2.1956e-06,2.4499e-06,2.7157e-06,2.9926e-06,3.2801e-06,3.5778e-06,3.8852e-06,4.2017e-06,4.5268e-06,4.86e-06,5.2006e-06,5.5482e-06,5.9019e-06,6.2614e-06,6.6258e-06,6.9945e-06,7.3669e-06,7.7421e-06,8.1196e-06,8.4985e-06,8.8782e-06,9.2578e-06,9.6366e-06,1.0014e-05,1.0389e-05,1.076e-05,1.1128e-05,1.1491e-05,1.1848e-05,1.2199e-05,1.2542e-05,1.2878e-05,1.3204e-05,1.3522e-05,1.3828e-05,1.4124e-05,1.4407e-05,1.4678e-05,1.4936e-05,1.518e-05,1.5409e-05,1.5623e-05,1.5821e-05,1.6003e-05,1.6168e-05,1.6316e-05,1.6447e-05,1.656e-05,1.6656e-05,1.6734e-05,1.6795e-05,1.6839e-05,1.6866e-05,1.6878e-05,1.6874e-05,1.6857e-05,1.6827e-05,1.6785e-05,1.6733e-05,1.6671e-05,1.6601e-05,1.6524e-05,1.6445e-05
4.2724e-07,3.399e-07,2.5637e-07,1.8245e-07,1.1845e-07,6.4637e-08,2.1487e-08,-1.0416e-08,-3.0449e-08,-3.8008e-08,-3.2548e-08,-1.3599e-08,1.9224e-08,6.6218e-08,1.2759e-07,2.0349e-07,2.9396e-07,3.9901e-07,5.1857e-07,6.5255e-07,8.0078e-07,9.6307e-07,1.1392e-06,1.3289e-06,1.5319e-06,1.7479e-06,1.9765e-06,2.2174e-06,2.4702e-06,2.7345e-06,3.0098e-06,3.2957e-06,3.5918e-06,3.8975e-06,4.2124e-06,4.5358e-06,4.8673e-06,5.2063e-06,5.5522e-06,5.9043e-06,6.2621e-06,6.6249e-06,6.9921e-06,7.3628e-06,7.7366e-06,8.1125e-06,8.49e-06,8.8682e-06,9.2463e-06,9.6238e-06,9.9996e-06,1.0373e-05,1.0743e-05,1.111e-05,1.1471e-05,1.1828e-05,1.2177e-05,1.252e-05,1.2854e-05,1.318e-05,1.3496e-05,1.3802e-05,1.4097e-05,1.4379e-05,1.465e-05,1.4907e-05,1.515e-05,1.5378e-05,1.5592e-05,1.579e-05,1.5971e-05,1.6136e-05,1.6284e-05,1.6415e-05,1.6529e-05,1.6625e-05,1.6704e-05,1.6766e-05,1.681e-05,1.6838e-05,1.6851e-05,1.6848e-05,1.683e-05,1.6799e-05,1.6755e-05,1.67e-05,1.6633e-05,1.6556e-05,1.6469e-05,1.6378e-05
4.8044e-07,3.826e-07,2.9001e-07,2.0911e-07,1.4002e-07,8.2686e-08,3.7265e-08,4.0496e-09,-1.6594e-08,-2.4283e-08,-1.8646e-08,6.4601e-10,3.3872e-08,8.125e-08,1.4294e-07,2.1904e-07,3.0959e-07,4.1458e-07,5.3396e-07,6.676e-07,8.1538e-07,9.7711e-07,1.1526e-06,1.3415e-06,1.5437e-06,1.7587e-06,1.9864e-06,2.2263e-06,2.478e-06,2.7412e-06,3.0155e-06,3.3003e-06,3.5953e-06,3.8999e-06,4.2136e-06,4.536e-06,4.8665e-06,5.2044e-06,5.5493e-06,5.9004e-06,6.2573e-06,6.6191e-06,6.9854e-06,7.3553e-06,7.7282e-06,8.1033e-06,8.48e-06,8.8575e-06,9.2351e-06,9.6119e-06,9.9871e-06,1.036e-05,1.073e-05,1.1096e-05,1.1457e-05,1.1813e-05,1.2162e-05,1.2504e-05,1.2838e-05,1.3164e-05,1.348e-05,1.3786e-05,1.408e-05,1.4363e-05,1.4633e-05,1.489e-05,1.5133e-05,1.5362e-05,1.5575e-05,1.5773e-05,1.5955e-05,1.612e-05,1.6269e-05,1.64e-05,1.6514e-05,1.6611e-05,1.669e-05,1.6752e-05,1.6797e-05,1.6826e-05,1.6838e-05,1.6834e-05,1.6816e-05,1.6783e-05,1.6737e-05,1.6678e-05,1.6606e-05,1.6522e-05,1.6425e-05,1.6323e-05
5.1923e-07,4.1213e-07,3.1125e-07,2.237e-07,1.4948e-07,8.8341e-08,4.0222e-08,5.197e-09,-1.6574e-08,-2.4883e-08,-1.9512e-08,-2.5506e-10,3.307e-08,8.0608e-08,1.4246e-07,2.1869e-07,3.0931e-07,4.143e-07,5.3358e-07,6.6706e-07,8.1458e-07,9.7599e-07,1.1511e-06,1.3396e-06,1.5412e-06,1.7557e-06,1.9828e-06,2.2221e-06,2.4733e-06,2.7359e-06,3.0095e-06,3.2938e-06,3.5882e-06,3.8922e-06,4.2054e-06,4.5273e-06,4.8573e-06,5.1948e-06,5.5393e-06,5.8901e-06,6.2466e-06,6.6083e-06,6.9743e-06,7.3441e-06,7.7169e-06,8.092e-06,8.4687e-06,8.8462e-06,9.2238e-06,9.6008e-06,9.9762e-06,1.0349e-05,1.072e-05,1.1086e-05,1.1447e-05,1.1803e-05,1.2153e-05,1.2496e-05,1.283e-05,1.3156e-05,1.3473e-05,1.3779e-05,1.4074e-05,1.4357e-05,1.4628e-05,1.4886e-05,1.5129e-05,1.5358e-05,1.5572e-05,1.5771e-05,1.5953e-05,1.6119e-05,1.6268e-05,1.64e-05,1.6515e-05,1.6612e-05,1.6692e-05,1.6754e-05,1.6799e-05,1.6828e-05,1.684e-05,1.6835e-05,1.6816e-05,1.6781e-05,1.6732e-05,1.6668e-05,1.6591e-05,1.6499e-05,1.6395e-05,1.6284e-05
5.4194e-07,4.2673e-07,3.1839e-07,2.2463e-07,1.4542e-07,8.0402e-08,2.9362e-08,-7.7865e-09,-3.1035e-08,-4.0318e-08,-3.5543e-08,-1.6608e-08,1.6583e-08,6.4104e-08,1.2601e-07,2.0231e-07,2.9301e-07,3.9805e-07,5.1735e-07,6.5081e-07,7.9829e-07,9.596e-07,1.1346e-06,1.3229e-06,1.5244e-06,1.7388e-06,1.9657e-06,2.2048e-06,2.4558e-06,2.7183e-06,2.9918e-06,3.276e-06,3.5703e-06,3.8744e-06,4.1876e-06,4.5096e-06,4.8397e-06,5.1774e-06,5.5222e-06,5.8733e-06,6.2302e-06,6.5923e-06,6.9588e-06,7.3291e-06,7.7025e-06,8.0783e-06,8.4558e-06,8.8341e-06,9.2126e-06,9.5904e-06,9.9668e-06,1.0341e-05,1.0712e-05,1.108e-05,1.1442e-05,1.1799e-05,1.215e-05,1.2494e-05,1.283e-05,1.3157e-05,1.3475e-05,1.3782e-05,1.4079e-05,1.4363e-05,1.4635e-05,1.4894e-05,1.5138e-05,1.5369e-05,1.5584e-05,1.5783e-05,1.5966e-05,1.6133e-05,1.6283e-05,1.6416e-05,1.6531e-05,1.6629e-05,1.6709e-05,1.6772e-05,1.6817e-05,1.6845e-05,1.6856e-05,1.6851e-05,1.6829e-05,1.6792e-05,1.6739e-05,1.6672e-05,1.6589e-05,1.6491e-05,1.6379e-05,1.626e-05
5.4738e-07,4.2512e-07,3.101e-07,2.1062e-07,1.2666e-07,5.7819e-08,3.7723e-09,-3.5672e-08,-6.0621e-08,-7.1119e-08,-6.7171e-08,-4.8764e-08,-1.5878e-08,3.1502e-08,9.3377e-08,1.6973e-07,2.6052e-07,3.6569e-07,4.8513e-07,6.1874e-07,7.6637e-07,9.2784e-07,1.1029e-06,1.2915e-06,1.4932e-06,1.7077e-06,1.9349e-06,2.1742e-06,2.4255e-06,2.6883e-06,2.9622e-06,3.2468e-06,3.5417e-06,3.8463e-06,4.1601e-06,4.4828e-06,4.8136e-06,5.1522e-06,5.4978e-06,5.8499e-06,6.2078e-06,6.571e-06,6.9387e-06,7.3103e-06,7.6851e-06,8.0623e-06,8.4412e-06,8.8211e-06,9.2012e-06,9.5807e-06,9.9588e-06,1.0335e-05,1.0708e-05,1.1077e-05,1.1442e-05,1.1801e-05,1.2154e-05,1.2499e-05,1.2837e-05,1.3166e-05,1.3486e-05,1.3795e-05,1.4093e-05,1.438e-05,1.4653e-05,1.4914e-05,1.516e-05,1.5392e-05,1.5609e-05,1.5809e-05,1.5994e-05,1.6162e-05,1.6313e-05,1.6447e-05,1.6563e-05,1.6661e-05,1.6742e-05,1.6805e-05,1.685e-05,1.6877e-05,1.6888e-05,1.6881e-05,1.6858e-05,1.6818e-05,1.6762e-05,1.669e-05,1.6602e-05,1.6498e-05,1.6379e-05,1.6253e-05
5.3476e-07,4.0633e-07,2.8535e-07,1.8063e-07,9.2226e-08,1.9682e-08,-3.7363e-08,-7.9179e-08,-1.0595e-07,-1.1781e-07,-1.1485e-07,-9.7107e-08,-6.4638e-08,-1.7479e-08,4.4329e-08,1.2073e-07,2.1167e-07,3.1705e-07,4.3676e-07,5.7069e-07,7.1868e-07,8.8055e-07,1.0561e-06,1.2451e-06,1.4473e-06,1.6624e-06,1.8902e-06,2.1303e-06,2.3823e-06,2.6459e-06,2.9206e-06,3.2062e-06,3.502e-06,3.8077e-06,4.1228e-06,4.4467e-06,4.7789e-06,5.1189e-06,5.466e-06,5.8197e-06,6.1794e-06,6.5444e-06,6.914e-06,7.2875e-06,7.6644e-06,8.0437e-06,8.4249e-06,8.8071e-06,9.1895e-06,9.5715e-06,9.9521e-06,1.0331e-05,1.0706e-05,1.1078e-05,1.1445e-05,1.1807e-05,1.2163e-05,1.2511e-05,1.2852e-05,1.3183e-05,1.3506e-05,1.3818e-05,1.4118e-05,1.4407e-05,1.4683e-05,1.4946e-05,1.5195e-05,1.5429e-05,1.5647e-05,1.585e-05,1.6036e-05,1.6206e-05,1.6358e-05,1.6493e-05,1.661e-05,1.6709e-05,1.679e-05,1.6853e-05,1.6898e-05,1.6926e-05,1.6935e-05,1.6927e-05,1.6901e-05,1.6859e-05,1.6799e-05,1.6723e-05,1.6631e-05,1.6521e-05,1.6396e-05,1.6264e-05
5.0354e-07,3.6968e-07,2.4336e-07,1.3385e-07,4.1284e-08,-3.4795e-08,-9.4774e-08,-1.3897e-07,-1.6763e-07,-1.8093e-07,-1.7903e-07,-1.6204e-07,-1.3005e-07,-8.3147e-08,-2.1411e-08,5.5076e-08,1.4622e-07,2.5192e-07,3.7205e-07,5.0648e-07,6.5504e-07,8.1755e-07,9.9382e-07,1.1836e-06,1.3867e-06,1.6028e-06,1.8315e-06,2.0727e-06,2.3259e-06,2.5907e-06,2.8669e-06,3.1539e-06,3.4513e-06,3.7586e-06,4.0754e-06,4.4012e-06,4.7354e-06,5.0774e-06,5.4267e-06,5.7827e-06,6.1448e-06,6.5122e-06,6.8844e-06,7.2607e-06,7.6403e-06,8.0226e-06,8.4067e-06,8.792e-06,9.1776e-06,9.5627e-06,9.9466e-06,1.0328e-05,1.0707e-05,1.1083e-05,1.1453e-05,1.1819e-05,1.2178e-05,1.253e-05,1.2874e-05,1.3209e-05,1.3534e-05,1.3849e-05,1.4153e-05,1.4445e-05,1.4724e-05,1.499e-05,1.5242e-05,1.5478e-05,1.5699e-05,1.5905e-05,1.6093e-05,1.6265e-05,1.6419e-05,1.6555e-05,1.6673e-05,1.6773e-05,1.6855e-05,1.6918e-05,1.6963e-05,1.6989e-05,1.6998e-05,1.6988e-05,1.696e-05,1.6915e-05,1.6852e-05,1.6772e-05,1.6675e-05,1.6561e-05,1.643e-05,1.6293e-05
4.5337e-07,3.1467e-07,1.8351e-07,6.9607e-08,-2.6854e-08,-1.0629e-07,-1.6911e-07,-2.1565e-07,-2.462e-07,-2.6097e-07,-2.6018e-07,-2.4397e-07,-2.1248e-07,-1.6584e-07,-1.0415e-07,-2.752e-08,6.3924e-08,1.7006e-07,2.9077e-07,4.2588e-07,5.7524e-07,7.3866e-07,9.1594e-07,1.1068e-06,1.3111e-06,1.5285e-06,1.7587e-06,2.0014e-06,2.2562e-06,2.5228e-06,2.8008e-06,3.0897e-06,3.3892e-06,3.6988e-06,4.0179e-06,4.3461e-06,4.6829e-06,5.0276e-06,5.3798e-06,5.7387e-06,6.1039e-06,6.4745e-06,6.85e-06,7.2297e-06,7.6128e-06,7.9987e-06,8.3866e-06,8.7756e-06,9.1651e-06,9.5543e-06,9.9423e-06,1.0328e-05,1.0711e-05,1.1091e-05,1.1466e-05,1.1835e-05,1.2198e-05,1.2555e-05,1.2903e-05,1.3242e-05,1.3572e-05,1.3891e-05,1.4199e-05,1.4494e-05,1.4777e-05,1.5047e-05,1.5301e-05,1.5541e-05,1.5765e-05,1.5973e-05,1.6164e-05,1.6338e-05,1.6494e-05,1.6632e-05,1.6752e-05,1.6853e-05,1.6935e-05,1.6999e-05,1.7044e-05,1.7069e-05,1.7077e-05,1.7065e-05,1.7036e-05,1.6988e-05,1.6922e-05,1.6838e-05,1.6737e-05,1.6618e-05,1.6482e-05,1.634e-05
3.8401e-07,2.4091e-07,1.0532e-07,-1.2659e-08,-1.1277e-07,-1.9541e-07,-2.6096e-07,-3.0979e-07,-3.4219e-07,-3.5844e-07,-3.5875e-07,-3.4332e-07,-3.1232e-07,-2.659e-07,-2.042e-07,-1.2736e-07,-3.5506e-08,7.1217e-08,1.9266e-07,3.2867e-07,4.7906e-07,6.4365e-07,8.2222e-07,1.0146e-06,1.2204e-06,1.4395e-06,1.6715e-06,1.9161e-06,2.173e-06,2.4418e-06,2.7222e-06,3.0136e-06,3.3157e-06,3.628e-06,3.9501e-06,4.2814e-06,4.6213e-06,4.9694e-06,5.325e-06,5.6876e-06,6.0564e-06,6.431e-06,6.8105e-06,7.1943e-06,7.5817e-06,7.972e-06,8.3643e-06,8.758e-06,9.1522e-06,9.5461e-06,9.9389e-06,1.033e-05,1.0718e-05,1.1102e-05,1.1482e-05,1.1857e-05,1.2225e-05,1.2586e-05,1.2939e-05,1.3283e-05,1.3618e-05,1.3942e-05,1.4254e-05,1.4554e-05,1.4842e-05,1.5115e-05,1.5374e-05,1.5617e-05,1.5845e-05,1.6056e-05,1.625e-05,1.6427e-05,1.6585e-05,1.6725e-05,1.6846e-05,1.6949e-05,1.7032e-05,1.7096e-05,1.7141e-05,1.7166e-05,1.7172e-05,1.7159e-05,1.7127e-05,1.7077e-05,1.7008e-05,1.6921e-05,1.6815e-05,1.6692e-05,1.6552e-05,1.6405e-05
2.953e-07,1.4813e-07,8.4063e-09,-1.1341e-07,-2.1698e-07,-3.0267e-07,-3.7086e-07,-4.2191e-07,-4.5613e-07,-4.7381e-07,-4.7521e-07,-4.6053e-07,-4.2997e-07,-3.8372e-07,-3.2193e-07,-2.4477e-07,-1.5238e-07,-4.4919e-08,7.745e-08,2.1456e-07,3.6623e-07,5.3225e-07,7.1243e-07,9.0651e-07,1.1143e-06,1.3354e-06,1.5696e-06,1.8166e-06,2.0761e-06,2.3476e-06,2.6308e-06,2.9252e-06,3.2305e-06,3.5462e-06,3.8717e-06,4.2067e-06,4.5504e-06,4.9025e-06,5.2622e-06,5.6291e-06,6.0024e-06,6.3815e-06,6.7657e-06,7.1544e-06,7.5468e-06,7.9422e-06,8.3398e-06,8.7389e-06,9.1385e-06,9.538e-06,9.9364e-06,1.0333e-05,1.0727e-05,1.1117e-05,1.1503e-05,1.1883e-05,1.2257e-05,1.2624e-05,1.2983e-05,1.3333e-05,1.3673e-05,1.4002e-05,1.432e-05,1.4625e-05,1.4917e-05,1.5196e-05,1.5459e-05,1.5707e-05,1.5939e-05,1.6153e-05,1.6351e-05,1.653e-05,1.6692e-05,1.6834e-05,1.6957e-05,1.7061e-05,1.7145e-05,1.721e-05,1.7254e-05,1.7279e-05,1.7284e-05,1.727e-05,1.7236e-05,1.7183e-05,1.7111e-05,1.7021e-05,1.6911e-05,1.6784e-05,1.6639e-05,1.6488e-05
1.8709e-07,3.6062e-08,-1.0758e-07,-2.3306e-07,-3.3994e-07,-4.2857e-07,-4.9931e-07,-5.525e-07,-5.8849e-07,-6.0756e-07,-6.0999e-07,-5.9601e-07,-5.6584e-07,-5.1968e-07,-4.5771e-07,-3.8011e-07,-2.8704e-07,-1.7867e-07,-5.5177e-08,8.3259e-08,2.3645e-07,4.042e-07,5.8627e-07,7.8245e-07,9.9247e-07,1.2161e-06,1.4529e-06,1.7027e-06,1.9652e-06,2.2399e-06,2.5264e-06,2.8244e-06,3.1334e-06,3.453e-06,3.7826e-06,4.1218e-06,4.47e-06,4.8266e-06,5.1912e-06,5.563e-06,5.9414e-06,6.3258e-06,6.7155e-06,7.1098e-06,7.508e-06,7.9093e-06,8.3129e-06,8.7181e-06,9.124e-06,9.5298e-06,9.9347e-06,1.0338e-05,1.0738e-05,1.1135e-05,1.1527e-05,1.1914e-05,1.2295e-05,1.2668e-05,1.3034e-05,1.339e-05,1.3737e-05,1.4072e-05,1.4396e-05,1.4707e-05,1.5005e-05,1.5289e-05,1.5557e-05,1.581e-05,1.6046e-05,1.6265e-05,1.6466e-05,1.665e-05,1.6814e-05,1.6959e-05,1.7084e-05,1.719e-05,1.7275e-05,1.734e-05,1.7385e-05,1.741e-05,1.7414e-05,1.7398e-05,1.7363e-05,1.7307e-05,1.7232e-05,1.7138e-05,1.7025e-05,1.6894e-05,1.6744e-05,1.6589e-05
5.9279e-08,-9.5502e-08,-2.4296e-07,-3.7197e-07,-4.8207e-07,-5.7355e-07,-6.4677e-07,-7.0206e-07,-7.3975e-07,-7.6016e-07,-7.6357e-07,-7.5022e-07,-7.2036e-07,-6.7419e-07,-6.1193e-07,-5.3375e-07,-4.3984e-07,-3.3039e-07,-2.0556e-07,-6.5566e-08,8.9411e-08,2.5916e-07,4.4345e-07,6.4206e-07,8.5471e-07,1.0811e-06,1.3211e-06,1.5741e-06,1.84e-06,2.1183e-06,2.4087e-06,2.7108e-06,3.0241e-06,3.3481e-06,3.6824e-06,4.0264e-06,4.3797e-06,4.7416e-06,5.1116e-06,5.489e-06,5.8733e-06,6.2637e-06,6.6596e-06,7.0603e-06,7.465e-06,7.8729e-06,8.2833e-06,8.6955e-06,9.1084e-06,9.5214e-06,9.9335e-06,1.0344e-05,1.0752e-05,1.1156e-05,1.1556e-05,1.195e-05,1.2338e-05,1.2719e-05,1.3092e-05,1.3456e-05,1.3809e-05,1.4152e-05,1.4482e-05,1.48e-05,1.5104e-05,1.5394e-05,1.5668e-05,1.5926e-05,1.6168e-05,1.6392e-05,1.6597e-05,1.6784e-05,1.6952e-05,1.71e-05,1.7228e-05,1.7335e-05,1.7422e-05,1.7488e-05,1.7534e-05,1.7558e-05,1.7562e-05,1.7544e-05,1.7507e-05,1.7449e-05,1.7371e-05,1.7274e-05,1.7157e-05,1.7021e-05,1.6868e-05,1.6708e-05
-8.8284e-08,-2.4679e-07,-3.9801e-07,-5.3052e-07,-6.4378e-07,-7.3806e-07,-8.137e-07,-8.7103e-07,-9.1039e-07,-9.3208e-07,-9.364e-07,-9.2361e-07,-8.9396e-07,-8.4769e-07,-7.85e-07,-7.061e-07,-6.1119e-07,-5.0045e-07,-3.7408e-07,-2.3228e-07,-7.5253e-08,9.6792e-08,2.8362e-07,4.85e-07,7.0066e-07,9.3032e-07,1.1737e-06,1.4304e-06,1.7002e-06,1.9827e-06,2.2775e-06,2.5841e-06,2.9022e-06,3.2313e-06,3.5708e-06,3.9203e-06,4.2793e-06,4.6471e-06,5.0232e-06,5.407e-06,5.7978e-06,6.195e-06,6.5978e-06,7.0055e-06,7.4175e-06,7.8329e-06,8.2509e-06,8.6708e-06,9.0916e-06,9.5126e-06,9.9328e-06,1.0351e-05,1.0767e-05,1.118e-05,1.1588e-05,1.1991e-05,1.2387e-05,1.2776e-05,1.3157e-05,1.3529e-05,1.389e-05,1.4241e-05,1.4579e-05,1.4904e-05,1.5215e-05,1.5512e-05,1.5792e-05,1.6057e-05,1.6304e-05,1.6533e-05,1.6744e-05,1.6935e-05,1.7107e-05,1.7258e-05,1.7389e-05,1.7498e-05,1.7587e-05,1.7654e-05,1.77e-05,1.7724e-05,1.7727e-05,1.7709e-05,1.7669e-05,1.7609e-05,1.7528e-05,1.7428e-05,1.7307e-05,1.7167e-05,1.701e-05,1.6846e-05
-2.5577e-07,-4.1804e-07,-5.7304e-07,-7.0905e-07,-8.2547e-07,-9.2254e-07,-1.0006e-06,-1.0599e-06,-1.1009e-06,-1.1238e-06,-1.129e-06,-1.1166e-06,-1.0871e-06,-1.0406e-06,-9.7738e-07,-8.976e-07,-8.015e-07,-6.8928e-07,-5.6114e-07,-4.1729e-07,-2.5793e-07,-8.329e-08,1.064e-07,3.1089e-07,5.2993e-07,7.6322e-07,1.0105e-06,1.2714e-06,1.5455e-06,1.8326e-06,2.1323e-06,2.4441e-06,2.7675e-06,3.1022e-06,3.4476e-06,3.8032e-06,4.1685e-06,4.5429e-06,4.9258e-06,5.3166e-06,5.7146e-06,6.1192e-06,6.5297e-06,6.9453e-06,7.3653e-06,7.7889e-06,8.2154e-06,8.6438e-06,9.0733e-06,9.5031e-06,9.9323e-06,1.036e-05,1.0785e-05,1.1207e-05,1.1624e-05,1.2036e-05,1.2442e-05,1.284e-05,1.323e-05,1.361e-05,1.398e-05,1.4339e-05,1.4686e-05,1.5019e-05,1.5338e-05,1.5642e-05,1.593e-05,1.6201e-05,1.6454e-05,1.669e-05,1.6905e-05,1.7102e-05,1.7278e-05,1.7433e-05,1.7567e-05,1.7679e-05,1.777e-05,1.7838e-05,1.7884e-05,1.7909e-05,1.7911e-05,1.7891e-05,1.785e-05,1.7788e-05,1.7704e-05,1.76e-05,1.7476e-05,1.7332e-05,1.717e-05,1.7002e-05
-4.4337e-07,-6.0952e-07,-7.6839e-07,-9.0795e-07,-1.0275e-06,-1.1274e-06,-1.2078e-06,-1.2692e-06,-1.3117e-06,-1.3358e-06,-1.3417e-06,-1.3298e-06,-1.3003e-06,-1.2535e-06,-1.1895e-06,-1.1087e-06,-1.0112e-06,-8.9732e-07,-7.6718e-07,-6.2101e-07,-4.5905e-07,-2.8151e-07,-8.863e-08,1.1934e-07,3.4212e-07,5.7944e-07,8.31e-07,1.0965e-06,1.3755e-06,1.6677e-06,1.9728e-06,2.2902e-06,2.6196e-06,2.9604e-06,3.3123e-06,3.6746e-06,4.0468e-06,4.4284e-06,4.8188e-06,5.2173e-06,5.6233e-06,6.0361e-06,6.455e-06,6.8792e-06,7.3081e-06,7.7408e-06,8.1764e-06,8.6142e-06,9.0533e-06,9.4928e-06,9.9318e-06,1.0369e-05,1.0804e-05,1.1236e-05,1.1663e-05,1.2085e-05,1.2501e-05,1.2909e-05,1.3309e-05,1.3699e-05,1.4079e-05,1.4447e-05,1.4803e-05,1.5145e-05,1.5473e-05,1.5785e-05,1.6081e-05,1.6359e-05,1.662e-05,1.6862e-05,1.7083e-05,1.7285e-05,1.7466e-05,1.7625e-05,1.7763e-05,1.7878e-05,1.7971e-05,1.8041e-05,1.8088e-05,1.8112e-05,1.8114e-05,1.8093e-05,1.805e-05,1.7985e-05,1.7899e-05,1.7792e-05,1.7663e-05,1.7515e-05,1.7349e-05,1.7176e-05
-6.5136e-07,-8.2154e-07,-9.844e-07,-1.1276e-06,-1.2504e-06,-1.3531e-06,-1.436e-06,-1.4993e-06,-1.5434e-06,-1.5686e-06,-1.5753e-06,-1.5637e-06,-1.5341e-06,-1.4867e-06,-1.4219e-06,-1.3399e-06,-1.2409e-06,-1.1251e-06,-9.9266e-07,-8.4393e-07,-6.7907e-07,-4.9832e-07,-3.0192e-07,-9.0125e-08,1.3679e-07,3.7855e-07,6.3483e-07,9.0533e-07,1.1897e-06,1.4875e-06,1.7985e-06,2.1221e-06,2.4579e-06,2.8056e-06,3.1645e-06,3.5341e-06,3.914e-06,4.3035e-06,4.702e-06,5.1089e-06,5.5236e-06,5.9453e-06,6.3734e-06,6.807e-06,7.2455e-06,7.688e-06,8.1337e-06,8.5817e-06,9.0312e-06,9.4813e-06,9.9309e-06,1.0379e-05,1.0825e-05,1.1268e-05,1.1706e-05,1.2139e-05,1.2566e-05,1.2985e-05,1.3395e-05,1.3796e-05,1.4187e-05,1.4565e-05,1.4931e-05,1.5283e-05,1.562e-05,1.5941e-05,1.6246e-05,1.6532e-05,1.6801e-05,1.7049e-05,1.7278e-05,1.7485e-05,1.7671e-05,1.7835e-05,1.7977e-05,1.8095e-05,1.819e-05,1.8262e-05,1.8311e-05,1.8335e-05,1.8337e-05,1.8315e-05,1.827e-05,1.8203e-05,1.8114e-05,1.8003e-05,1.787e-05,1.7718e-05,1.7546e-05,1.7369e-05
-8.8003e-07,-1.0544e-06,-1.2215e-06,-1.3684e-06,-1.4946e-06,-1.6002e-06,-1.6855e-06,-1.7508e-06,-1.7964e-06,-1.8228e-06,-1.8301e-06,-1.8187e-06,-1.7889e-06,-1.741e-06,-1.6752e-06,-1.5917e-06,-1.4909e-06,-1.373e-06,-1.2381e-06,-1.0865e-06,-9.1849e-07,-7.3422e-07,-5.3396e-07,-3.1798e-07,-8.6542e-08,1.6005e-07,4.215e-07,6.9747e-07,9.8762e-07,1.2916e-06,1.6089e-06,1.9393e-06,2.2822e-06,2.6372e-06,3.0037e-06,3.3813e-06,3.7694e-06,4.1675e-06,4.5749e-06,4.9909e-06,5.415e-06,5.8464e-06,6.2844e-06,6.7282e-06,7.1771e-06,7.6303e-06,8.0869e-06,8.546e-06,9.0068e-06,9.4682e-06,9.9295e-06,1.0389e-05,1.0847e-05,1.1302e-05,1.1752e-05,1.2197e-05,1.2635e-05,1.3066e-05,1.3489e-05,1.3901e-05,1.4303e-05,1.4693e-05,1.5069e-05,1.5432e-05,1.5779e-05,1.6111e-05,1.6424e-05,1.672e-05,1.6997e-05,1.7253e-05,1.7489e-05,1.7703e-05,1.7895e-05,1.8064e-05,1.821e-05,1.8332e-05,1.843e-05,1.8504e-05,1.8553e-05,1.8578e-05,1.8579e-05,1.8557e-05,1.851e-05,1.844e-05,1.8348e-05,1.8233e-05,1.8097e-05,1.794e-05,1.7763e-05,1.7581e-05
-1.1297e-06,-1.3086e-06,-1.48e-06,-1.6309e-06,-1.7606e-06,-1.8692e-06,-1.9569e-06,-2.0242e-06,-2.0714e-06,-2.0988e-06,-2.1067e-06,-2.0954e-06,-2.0654e-06,-2.0167e-06,-1.9497e-06,-1.8648e-06,-1.762e-06,-1.6417e-06,-1.5041e-06,-1.3494e-06,-1.1779e-06,-9.8974e-07,-7.8528e-07,-5.6474e-07,-3.2841e-07,-7.6562e-08,1.9048e-07,4.7238e-07,7.6881e-07,1.0794e-06,1.4037e-06,1.7413e-06,2.0918e-06,2.4547e-06,2.8295e-06,3.2157e-06,3.6128e-06,4.02e-06,4.4369e-06,4.8628e-06,5.297e-06,5.7388e-06,6.1876e-06,6.6424e-06,7.1025e-06,7.5672e-06,8.0355e-06,8.5066e-06,8.9795e-06,9.4533e-06,9.9271e-06,1.04e-05,1.087e-05,1.1338e-05,1.1801e-05,1.2259e-05,1.271e-05,1.3154e-05,1.3589e-05,1.4014e-05,1.4428e-05,1.483e-05,1.5218e-05,1.5593e-05,1.5951e-05,1.6293e-05,1.6617e-05,1.6923e-05,1.7208e-05,1.7473e-05,1.7717e-05,1.7938e-05,1.8136e-05,1.8311e-05,1.8462e-05,1.8588e-05,1.8689e-05,1.8765e-05,1.8816e-05,1.8842e-05,1.8843e-05,1.8819e-05,1.8771e-05,1.8699e-05,1.8603e-05,1.8485e-05,1.8344e-05,1.8182e-05,1.8e-05,1.7812e-05
-1.4009e-06,-1.5845e-06,-1.7605e-06,-1.9155e-06,-2.0488e-06,-2.1605e-06,-2.2508e-06,-2.3202e-06,-2.3689e-06,-2.3973e-06,-2.4058e-06,-2.3946e-06,-2.3641e-06,-2.3146e-06,-2.2463e-06,-2.1596e-06,-2.0546e-06,-1.9317e-06,-1.7911e-06,-1.633e-06,-1.4577e-06,-1.2655e-06,-1.0564e-06,-8.3099e-07,-5.8936e-07,-3.3186e-07,-5.8788e-08,2.2951e-07,5.3268e-07,8.5036e-07,1.1821e-06,1.5276e-06,1.8863e-06,2.2577e-06,2.6414e-06,3.0368e-06,3.4434e-06,3.8606e-06,4.2877e-06,4.7241e-06,5.1692e-06,5.6222e-06,6.0824e-06,6.549e-06,7.0213e-06,7.4983e-06,7.9792e-06,8.4631e-06,8.9491e-06,9.4362e-06,9.9234e-06,1.041e-05,1.0894e-05,1.1375e-05,1.1852e-05,1.2324e-05,1.2789e-05,1.3247e-05,1.3695e-05,1.4134e-05,1.4562e-05,1.4977e-05,1.5378e-05,1.5765e-05,1.6136e-05,1.6489e-05,1.6824e-05,1.714e-05,1.7436e-05,1.771e-05,1.7962e-05,1.8191e-05,1.8397e-05,1.8578e-05,1.8733e-05,1.8864e-05,1.8969e-05,1.9047e-05,1.91e-05,1.9127e-05,1.9127e-05,1.9103e-05,1.9053e-05,1.8978e-05,1.8879e-05,1.8757e-05,1.8611e-05,1.8444e-05,1.8256e-05,1.8063e-05
-1.694e-06,-1.8826e-06,-2.0635e-06,-2.2229e-06,-2.3599e-06,-2.4748e-06,-2.5678e-06,-2.6393e-06,-2.6896e-06,-2.719e-06,-2.7279e-06,-2.7167e-06,-2.6857e-06,-2.6352e-06,-2.5655e-06,-2.4768e-06,-2.3695e-06,-2.2438e-06,-2.0999e-06,-1.9382e-06,-1.7588e-06,-1.562e-06,-1.3481e-06,-1.1173e-06,-8.7002e-07,-6.0643e-07,-3.269e-07,-3.1749e-08,2.7866e-07,6.0395e-07,9.4372e-07,1.2975e-06,1.665e-06,2.0455e-06,2.4387e-06,2.844e-06,3.2608e-06,3.6885e-06,4.1266e-06,4.5743e-06,5.031e-06,5.496e-06,5.9684e-06,6.4477e-06,6.9328e-06,7.423e-06,7.9174e-06,8.4151e-06,8.9151e-06,9.4163e-06,9.9179e-06,1.0419e-05,1.0918e-05,1.1414e-05,1.1906e-05,1.2392e-05,1.2872e-05,1.3345e-05,1.3808e-05,1.4262e-05,1.4704e-05,1.5133e-05,1.5549e-05,1.5949e-05,1.6333e-05,1.6699e-05,1.7046e-05,1.7374e-05,1.768e-05,1.7965e-05,1.8226e-05,1.8463e-05,1.8676e-05,1.8864e-05,1.9026e-05,1.9161e-05,1.9269e-05,1.9351e-05,1.9406e-05,1.9433e-05,1.9434e-05,1.9408e-05,1.9356e-05,1.9279e-05,1.9177e-05,1.905e-05,1.89e-05,1.8727e-05,1.8534e-05,1.8334e-05
-2.0095e-06,-2.2035e-06,-2.3895e-06,-2.5535e-06,-2.6945e-06,-2.8128e-06,-2.9085e-06,-2.9822e-06,-3.034e-06,-3.0645e-06,-3.0739e-06,-3.0626e-06,-3.0309e-06,-2.9793e-06,-2.9079e-06,-2.8171e-06,-2.7072e-06,-2.5785e-06,-2.4311e-06,-2.2654e-06,-2.0816e-06,-1.88e-06,-1.6608e-06,-1.4244e-06,-1.171e-06,-9.0094e-07,-6.145e-07,-3.1203e-07,6.0939e-09,3.3951e-07,6.878e-07,1.0505e-06,1.4273e-06,1.8176e-06,2.2208e-06,2.6366e-06,3.0643e-06,3.5033e-06,3.953e-06,4.4127e-06,4.8818e-06,5.3595e-06,5.845e-06,6.3377e-06,6.8366e-06,7.3409e-06,7.8497e-06,8.362e-06,8.8769e-06,9.3933e-06,9.9103e-06,1.0427e-05,1.0941e-05,1.1453e-05,1.1961e-05,1.2464e-05,1.296e-05,1.3448e-05,1.3928e-05,1.4397e-05,1.4855e-05,1.5299e-05,1.573e-05,1.6145e-05,1.6543e-05,1.6922e-05,1.7283e-05,1.7623e-05,1.7941e-05,1.8236e-05,1.8508e-05,1.8755e-05,1.8976e-05,1.9171e-05,1.9339e-05,1.9479e-05,1.9592e-05,1.9677e-05,1.9734e-05,1.9762e-05,1.9763e-05,1.9737e-05,1.9683e-05,1.9603e-05,1.9497e-05,1.9366e-05,1.921e-05,1.9032e-05,1.8832e-05,1.8625e-05
-2.3481e-06,-2.5477e-06,-2.7392e-06,-2.908e-06,-3.0532e-06,-3.175e-06,-3.2737e-06,-3.3496e-06,-3.403e-06,-3.4345e-06,-3.4443e-06,-3.4328e-06,-3.4005e-06,-3.3476e-06,-3.2744e-06,-3.1813e-06,-3.0686e-06,-2.9365e-06,-2.7854e-06,-2.6154e-06,-2.4269e-06,-2.2202e-06,-1.9954e-06,-1.753e-06,-1.4931e-06,-1.2161e-06,-9.2227e-07,-6.1203e-07,-2.857e-07,5.6346e-08,4.1369e-07,7.8591e-07,1.1725e-06,1.5731e-06,1.9871e-06,2.414e-06,2.8532e-06,3.3042e-06,3.7662e-06,4.2387e-06,4.7209e-06,5.2121e-06,5.7116e-06,6.2185e-06,6.732e-06,7.2512e-06,7.7753e-06,8.3032e-06,8.834e-06,9.3666e-06,9.8999e-06,1.0433e-05,1.0964e-05,1.1493e-05,1.2018e-05,1.2538e-05,1.3051e-05,1.3557e-05,1.4054e-05,1.454e-05,1.5014e-05,1.5475e-05,1.5922e-05,1.6352e-05,1.6765e-05,1.716e-05,1.7534e-05,1.7888e-05,1.8219e-05,1.8526e-05,1.8808e-05,1.9065e-05,1.9296e-05,1.9498e-05,1.9673e-05,1.982e-05,1.9937e-05,2.0026e-05,2.0085e-05,2.0115e-05,2.0116e-05,2.0088e-05,2.0033e-05,1.995e-05,1.984e-05,1.9704e-05,1.9543e-05,1.9358e-05,1.9151e-05,1.8938e-05
-2.7103e-06,-2.9159e-06,-3.1132e-06,-3.2872e-06,-3.4368e-06,-3.5623e-06,-3.664e-06,-3.7422e-06,-3.7973e-06,-3.8298e-06,-3.84e-06,-3.8283e-06,-3.7951e-06,-3.7408e-06,-3.6657e-06,-3.5701e-06,-3.4543e-06,-3.3187e-06,-3.1635e-06,-2.9891e-06,-2.7955e-06,-2.5833e-06,-2.3526e-06,-2.1037e-06,-1.8369e-06,-1.5525e-06,-1.251e-06,-9.3246e-07,-5.9744e-07,-2.4625e-07,1.2068e-07,5.0292e-07,9.0002e-07,1.3115e-06,1.7368e-06,2.1755e-06,2.6269e-06,3.0905e-06,3.5656e-06,4.0515e-06,4.5476e-06,5.0532e-06,5.5673e-06,6.0893e-06,6.6183e-06,7.1534e-06,7.6937e-06,8.2381e-06,8.7858e-06,9.3355e-06,9.8863e-06,1.0437e-05,1.0986e-05,1.1533e-05,1.2076e-05,1.2615e-05,1.3146e-05,1.367e-05,1.4185e-05,1.4689e-05,1.5181e-05,1.566e-05,1.6124e-05,1.6571e-05,1.7001e-05,1.7412e-05,1.7801e-05,1.8169e-05,1.8514e-05,1.8834e-05,1.9128e-05,1.9396e-05,1.9636e-05,1.9848e-05,2.003e-05,2.0183e-05,2.0306e-05,2.0398e-05,2.046e-05,2.0491e-05,2.0493e-05,2.0464e-05,2.0407e-05,2.0321e-05,2.0207e-05,2.0066e-05,1.9899e-05,1.9708e-05,1.9493e-05,1.9272e-05
-3.0969e-06,-3.3089e-06,-3.5124e-06,-3.6917e-06,-3.846e-06,-3.9754e-06,-4.0802e-06,-4.1608e-06,-4.2177e-06,-4.2512e-06,-4.2617e-06,-4.2497e-06,-4.2156e-06,-4.1598e-06,-4.0825e-06,-3.9843e-06,-3.8653e-06,-3.7259e-06,-3.5664e-06,-3.3871e-06,-3.1882e-06,-2.9701e-06,-2.7331e-06,-2.4774e-06,-2.2033e-06,-1.9112e-06,-1.6013e-06,-1.2741e-06,-9.299e-07,-5.6906e-07,-1.9201e-07,2.0081e-07,6.0896e-07,1.0319e-06,1.4692e-06,1.9203e-06,2.3846e-06,2.8615e-06,3.3504e-06,3.8505e-06,4.3613e-06,4.8819e-06,5.4116e-06,5.9496e-06,6.4949e-06,7.0467e-06,7.6041e-06,8.1661e-06,8.7316e-06,9.2996e-06,9.8688e-06,1.0438e-05,1.1007e-05,1.1573e-05,1.2135e-05,1.2693e-05,1.3244e-05,1.3787e-05,1.4322e-05,1.4845e-05,1.5357e-05,1.5855e-05,1.6337e-05,1.6803e-05,1.725e-05,1.7678e-05,1.8084e-05,1.8467e-05,1.8827e-05,1.9161e-05,1.9468e-05,1.9748e-05,1.9999e-05,2.022e-05,2.041e-05,2.057e-05,2.0698e-05,2.0795e-05,2.086e-05,2.0893e-05,2.0895e-05,2.0865e-05,2.0806e-05,2.0716e-05,2.0598e-05,2.0452e-05,2.0279e-05,2.008e-05,1.9858e-05,1.9629e-05
-3.5085e-06,-3.7274e-06,-3.9373e-06,-4.1224e-06,-4.2816e-06,-4.4151e-06,-4.5233e-06,-4.6064e-06,-4.6651e-06,-4.6996e-06,-4.7104e-06,-4.6981e-06,-4.663e-06,-4.6054e-06,-4.5259e-06,-4.4247e-06,-4.3023e-06,-4.1588e-06,-3.9948e-06,-3.8103e-06,-3.6058e-06,-3.3815e-06,-3.1378e-06,-2.8749e-06,-2.5931e-06,-2.2928e-06,-1.9742e-06,-1.6378e-06,-1.2839e-06,-9.129e-07,-5.2519e-07,-1.2123e-07,2.9854e-07,7.3362e-07,1.1835e-06,1.6477e-06,2.1255e-06,2.6164e-06,3.1198e-06,3.6349e-06,4.1611e-06,4.6976e-06,5.2436e-06,5.7984e-06,6.3609e-06,6.9305e-06,7.5059e-06,8.0864e-06,8.6708e-06,9.2579e-06,9.8468e-06,1.0436e-05,1.1025e-05,1.1611e-05,1.2194e-05,1.2772e-05,1.3344e-05,1.3909e-05,1.4464e-05,1.5008e-05,1.554e-05,1.6058e-05,1.6561e-05,1.7046e-05,1.7512e-05,1.7958e-05,1.8382e-05,1.8783e-05,1.9158e-05,1.9507e-05,1.9828e-05,2.0121e-05,2.0383e-05,2.0615e-05,2.0814e-05,2.0982e-05,2.1116e-05,2.1217e-05,2.1285e-05,2.132e-05,2.1323e-05,2.1293e-05,2.1231e-05,2.1138e-05,2.1015e-05,2.0864e-05,2.0684e-05,2.0477e-05,2.0246e-05,2.0009e-05
-3.9461e-06,-4.1722e-06,-4.3891e-06,-4.5802e-06,-4.7446e-06,-4.8824e-06,-4.994e-06,-5.0799e-06,-5.1403e-06,-5.1759e-06,-5.187e-06,-5.1743e-06,-5.138e-06,-5.0787e-06,-4.9967e-06,-4.8924e-06,-4.7663e-06,-4.6186e-06,-4.4496e-06,-4.2597e-06,-4.0492e-06,-3.8184e-06,-3.5676e-06,-3.2971e-06,-3.0071e-06,-2.6982e-06,-2.3705e-06,-2.0244e-06,-1.6603e-06,-1.2786e-06,-8.7973e-07,-4.6406e-07,-3.2094e-08,4.157e-07,8.7879e-07,1.3566e-06,1.8487e-06,2.3543e-06,2.8729e-06,3.4037e-06,3.9461e-06,4.4993e-06,5.0625e-06,5.6349e-06,6.2156e-06,6.8037e-06,7.3983e-06,7.9982e-06,8.6024e-06,9.2099e-06,9.8194e-06,1.043e-05,1.104e-05,1.1648e-05,1.2252e-05,1.2853e-05,1.3447e-05,1.4033e-05,1.4611e-05,1.5177e-05,1.5731e-05,1.6271e-05,1.6794e-05,1.7301e-05,1.7787e-05,1.8253e-05,1.8696e-05,1.9115e-05,1.9508e-05,1.9873e-05,2.021e-05,2.0516e-05,2.0791e-05,2.1033e-05,2.1243e-05,2.1418e-05,2.1559e-05,2.1666e-05,2.1738e-05,2.1775e-05,2.1778e-05,2.1747e-05,2.1683e-05,2.1587e-05,2.1459e-05,2.1301e-05,2.1114e-05,2.09e-05,2.0659e-05,2.0413e-05
-4.4105e-06,-4.6442e-06,-4.8684e-06,-5.066e-06,-5.2359e-06,-5.3783e-06,-5.4935e-06,-5.5821e-06,-5.6445e-06,-5.6811e-06,-5.6926e-06,-5.6793e-06,-5.6418e-06,-5.5805e-06,-5.4959e-06,-5.3883e-06,-5.2582e-06,-5.106e-06,-4.9318e-06,-4.7362e-06,-4.5194e-06,-4.2817e-06,-4.0234e-06,-3.7449e-06,-3.4464e-06,-3.1284e-06,-2.791e-06,-2.4348e-06,-2.0601e-06,-1.6672e-06,-1.2565e-06,-8.286e-07,-3.8385e-07,7.7251e-08,5.5418e-07,1.0464e-06,1.5533e-06,2.0743e-06,2.6088e-06,3.1561e-06,3.7155e-06,4.2862e-06,4.8674e-06,5.4583e-06,6.058e-06,6.6657e-06,7.2802e-06,7.9006e-06,8.5258e-06,9.1546e-06,9.7859e-06,1.0418e-05,1.1051e-05,1.1682e-05,1.231e-05,1.2933e-05,1.3551e-05,1.4161e-05,1.4762e-05,1.5352e-05,1.5929e-05,1.6492e-05,1.7039e-05,1.7567e-05,1.8076e-05,1.8563e-05,1.9027e-05,1.9465e-05,1.9876e-05,2.0259e-05,2.0612e-05,2.0933e-05,2.1222e-05,2.1477e-05,2.1697e-05,2.1881e-05,2.203e-05,2.2142e-05,2.2218e-05,2.2257e-05,2.2261e-05,2.2229e-05,2.2163e-05,2.2063e-05,2.193e-05,2.1766e-05,2.1571e-05,2.1348e-05,2.1098e-05,2.0841e-05
-4.9025e-06,-5.1444e-06,-5.3764e-06,-5.5807e-06,-5.7564e-06,-5.9036e-06,-6.0227e-06,-6.1142e-06,-6.1786e-06,-6.2163e-06,-6.228e-06,-6.2142e-06,-6.1753e-06,-6.112e-06,-6.0246e-06,-5.9135e-06,-5.7792e-06,-5.6221e-06,-5.4425e-06,-5.2408e-06,-5.0173e-06,-4.7724e-06,-4.5062e-06,-4.2193e-06,-3.9119e-06,-3.5843e-06,-3.2369e-06,-2.87e-06,-2.4841e-06,-2.0794e-06,-1.6565e-06,-1.2158e-06,-7.5768e-07,-2.8267e-07,2.0871e-07,7.1593e-07,1.2384e-06,1.7755e-06,2.3267e-06,2.8911e-06,3.4683e-06,4.0572e-06,4.6573e-06,5.2676e-06,5.8872e-06,6.5153e-06,7.1508e-06,7.7927e-06,8.4399e-06,9.0912e-06,9.7454e-06,1.0401e-05,1.1057e-05,1.1712e-05,1.2365e-05,1.3013e-05,1.3655e-05,1.429e-05,1.4916e-05,1.5531e-05,1.6134e-05,1.6721e-05,1.7293e-05,1.7845e-05,1.8378e-05,1.8887e-05,1.9373e-05,1.9833e-05,2.0264e-05,2.0666e-05,2.1037e-05,2.1374e-05,2.1678e-05,2.1946e-05,2.2177e-05,2.2372e-05,2.2528e-05,2.2647e-05,2.2727e-05,2.2769e-05,2.2774e-05,2.2741e-05,2.2672e-05,2.2568e-05,2.243e-05,2.2259e-05,2.2056e-05,2.1823e-05,2.1563e-05,2.1295e-05
-5.4233e-06,-5.6738e-06,-5.914e-06,-6.1255e-06,-6.3074e-06,-6.4596e-06,-6.5828e-06,-6.6773e-06,-6.7437e-06,-6.7826e-06,-6.7946e-06,-6.7801e-06,-6.7398e-06,-6.6742e-06,-6.5838e-06,-6.469e-06,-6.3303e-06,-6.1681e-06,-5.9827e-06,-5.7746e-06,-5.5441e-06,-5.2915e-06,-5.0172e-06,-4.7214e-06,-4.4046e-06,-4.067e-06,-3.709e-06,-3.331e-06,-2.9334e-06,-2.5165e-06,-2.0808e-06,-1.6267e-06,-1.1546e-06,-6.6507e-07,-1.5861e-07,3.6425e-07,9.0294e-07,1.4569e-06,2.0254e-06,2.6078e-06,3.2034e-06,3.8115e-06,4.4312e-06,5.0617e-06,5.7022e-06,6.3517e-06,7.0091e-06,7.6735e-06,8.3438e-06,9.0186e-06,9.6969e-06,1.0377e-05,1.1058e-05,1.1739e-05,1.2417e-05,1.3091e-05,1.376e-05,1.4422e-05,1.5074e-05,1.5716e-05,1.6345e-05,1.6959e-05,1.7556e-05,1.8135e-05,1.8692e-05,1.9227e-05,1.9736e-05,2.0218e-05,2.0672e-05,2.1094e-05,2.1484e-05,2.1839e-05,2.2159e-05,2.2441e-05,2.2685e-05,2.289e-05,2.3056e-05,2.3181e-05,2.3266e-05,2.3311e-05,2.3317e-05,2.3284e-05,2.3212e-05,2.3104e-05,2.2959e-05,2.2781e-05,2.2569e-05,2.2326e-05,2.2055e-05,2.1776e-05
-5.9738e-06,-6.2334e-06,-6.4823e-06,-6.7015e-06,-6.8899e-06,-7.0475e-06,-7.1749e-06,-7.2726e-06,-7.3412e-06,-7.3813e-06,-7.3934e-06,-7.3783e-06,-7.3364e-06,-7.2684e-06,-7.1748e-06,-7.056e-06,-6.9126e-06,-6.745e-06,-6.5536e-06,-6.3388e-06,-6.1009e-06,-5.8402e-06,-5.5573e-06,-5.2523e-06,-4.9256e-06,-4.5775e-06,-4.2085e-06,-3.8189e-06,-3.4091e-06,-2.9794e-06,-2.5303e-06,-2.0622e-06,-1.5756e-06,-1.071e-06,-5.4885e-07,-9.6985e-09,5.4587e-07,1.1173e-06,1.7038e-06,2.3049e-06,2.9198e-06,3.5478e-06,4.188e-06,4.8396e-06,5.5018e-06,6.1736e-06,6.854e-06,7.542e-06,8.2363e-06,8.9359e-06,9.6394e-06,1.0346e-05,1.1053e-05,1.176e-05,1.2465e-05,1.3167e-05,1.3864e-05,1.4554e-05,1.5234e-05,1.5904e-05,1.6562e-05,1.7204e-05,1.7829e-05,1.8435e-05,1.902e-05,1.958e-05,2.0115e-05,2.0622e-05,2.1099e-05,2.1544e-05,2.1954e-05,2.2329e-05,2.2666e-05,2.2964e-05,2.3222e-05,2.3438e-05,2.3613e-05,2.3746e-05,2.3837e-05,2.3885e-05,2.3892e-05,2.3858e-05,2.3784e-05,2.3671e-05,2.352e-05,2.3333e-05,2.3112e-05,2.2859e-05,2.2575e-05,2.2284e-05
-6.5552e-06,-6.8245e-06,-7.0827e-06,-7.31e-06,-7.5051e-06,-7.6684e-06,-7.8003e-06,-7.9014e-06,-7.9722e-06,-8.0135e-06,-8.0258e-06,-8.0099e-06,-7.9664e-06,-7.8958e-06,-7.7988e-06,-7.6758e-06,-7.5275e-06,-7.3542e-06,-7.1564e-06,-6.9344e-06,-6.6888e-06,-6.4197e-06,-6.1277e-06,-5.813e-06,-5.476e-06,-5.1171e-06,-4.7366e-06,-4.3348e-06,-3.9123e-06,-3.4693e-06,-3.0062e-06,-2.5237e-06,-2.0219e-06,-1.5016e-06,-9.6311e-07,-4.0703e-07,1.6607e-07,7.5562e-07,1.361e-06,1.9815e-06,2.6164e-06,3.265e-06,3.9266e-06,4.6002e-06,5.285e-06,5.98e-06,6.6843e-06,7.3968e-06,8.1164e-06,8.8417e-06,9.5717e-06,1.0305e-05,1.104e-05,1.1775e-05,1.2509e-05,1.324e-05,1.3966e-05,1.4685e-05,1.5396e-05,1.6096e-05,1.6783e-05,1.7456e-05,1.8111e-05,1.8746e-05,1.936e-05,1.9949e-05,2.0511e-05,2.1045e-05,2.1547e-05,2.2015e-05,2.2448e-05,2.2843e-05,2.3199e-05,2.3515e-05,2.3787e-05,2.4017e-05,2.4203e-05,2.4344e-05,2.444e-05,2.4492e-05,2.4501e-05,2.4466e-05,2.4389e-05,2.4271e-05,2.4113e-05,2.3918e-05,2.3687e-05,2.3422e-05,2.3125e-05,2.2821e-05
-7.1686e-06,-7.4483e-06,-7.7162e-06,-7.9521e-06,-8.1545e-06,-8.3238e-06,-8.4604e-06,-8.565e-06,-8.6382e-06,-8.6807e-06,-8.6932e-06,-8.6764e-06,-8.6311e-06,-8.5578e-06,-8.4571e-06,-8.3298e-06,-8.1762e-06,-7.9968e-06,-7.7923e-06,-7.5629e-06,-7.309e-06,-7.0312e-06,-6.7297e-06,-6.4049e-06,-6.0571e-06,-5.6868e-06,-5.2943e-06,-4.8799e-06,-4.4441e-06,-3.9872e-06,-3.5097e-06,-3.0121e-06,-2.4946e-06,-1.958e-06,-1.4026e-06,-8.2892e-07,-2.3761e-07,3.7076e-07,9.9559e-07,1.6362e-06,2.2919e-06,2.962e-06,3.6457e-06,4.3421e-06,5.0504e-06,5.7696e-06,6.4988e-06,7.2369e-06,7.9826e-06,8.735e-06,9.4925e-06,1.0254e-05,1.1018e-05,1.1782e-05,1.2546e-05,1.3308e-05,1.4065e-05,1.4816e-05,1.5558e-05,1.629e-05,1.7009e-05,1.7714e-05,1.84e-05,1.9067e-05,1.9712e-05,2.0331e-05,2.0923e-05,2.1485e-05,2.2015e-05,2.2509e-05,2.2966e-05,2.3384e-05,2.3761e-05,2.4095e-05,2.4384e-05,2.4628e-05,2.4825e-05,2.4975e-05,2.5078e-05,2.5134e-05,2.5144e-05,2.5108e-05,2.5028e-05,2.4905e-05,2.4741e-05,2.4536e-05,2.4294e-05,2.4016e-05,2.3706e-05,2.3387e-05
-7.8154e-06,-8.106e-06,-8.3844e-06,-8.6293e-06,-8.8394e-06,-9.0151e-06,-9.1567e-06,-9.265e-06,-9.3406e-06,-9.3844e-06,-9.397e-06,-9.3793e-06,-9.332e-06,-9.2557e-06,-9.1513e-06,-9.0192e-06,-8.86e-06,-8.6744e-06,-8.4627e-06,-8.2254e-06,-7.9631e-06,-7.676e-06,-7.3645e-06,-7.0291e-06,-6.6701e-06,-6.2879e-06,-5.8829e-06,-5.4553e-06,-5.0058e-06,-4.5345e-06,-4.042e-06,-3.5286e-06,-2.9949e-06,-2.4414e-06,-1.8684e-06,-1.2766e-06,-6.6641e-07,-3.854e-08,6.0645e-07,1.2679e-06,1.9451e-06,2.6374e-06,3.344e-06,4.0641e-06,4.7967e-06,5.5411e-06,6.2961e-06,7.0607e-06,7.8339e-06,8.6142e-06,9.4006e-06,1.0192e-05,1.0986e-05,1.1781e-05,1.2577e-05,1.337e-05,1.416e-05,1.4944e-05,1.572e-05,1.6485e-05,1.7239e-05,1.7977e-05,1.8698e-05,1.9398e-05,2.0076e-05,2.0728e-05,2.1352e-05,2.1944e-05,2.2503e-05,2.3026e-05,2.351e-05,2.3952e-05,2.4351e-05,2.4705e-05,2.5012e-05,2.5271e-05,2.5481e-05,2.5641e-05,2.5752e-05,2.5813e-05,2.5824e-05,2.5788e-05,2.5705e-05,2.5576e-05,2.5403e-05,2.5189e-05,2.4935e-05,2.4644e-05,2.4318e-05,2.3985e-05
-8.4969e-06,-8.7991e-06,-9.0886e-06,-9.3431e-06,-9.5614e-06,-9.7437e-06,-9.8906e-06,-1.0003e-05,-1.0081e-05,-1.0126e-05,-1.0139e-05,-1.012e-05,-1.0071e-05,-9.9912e-06,-9.8826e-06,-9.7455e-06,-9.5805e-06,-9.3882e-06,-9.169e-06,-8.9235e-06,-8.6522e-06,-8.3554e-06,-8.0335e-06,-7.6871e-06,-7.3164e-06,-6.9218e-06,-6.5037e-06,-6.0625e-06,-5.5986e-06,-5.1123e-06,-4.6042e-06,-4.0747e-06,-3.5241e-06,-2.953e-06,-2.3619e-06,-1.7512e-06,-1.1216e-06,-4.7356e-07,1.9227e-07,8.7527e-07,1.5748e-06,2.29e-06,3.0203e-06,3.7648e-06,4.5227e-06,5.293e-06,6.0748e-06,6.867e-06,7.6685e-06,8.4781e-06,9.2944e-06,1.0116e-05,1.0942e-05,1.177e-05,1.2598e-05,1.3425e-05,1.4249e-05,1.5068e-05,1.5879e-05,1.6681e-05,1.747e-05,1.8244e-05,1.9001e-05,1.9738e-05,2.0451e-05,2.1138e-05,2.1796e-05,2.2422e-05,2.3013e-05,2.3566e-05,2.4078e-05,2.4547e-05,2.4971e-05,2.5347e-05,2.5674e-05,2.5949e-05,2.6173e-05,2.6345e-05,2.6463e-05,2.6529e-05,2.6543e-05,2.6506e-05,2.6419e-05,2.6284e-05,2.6104e-05,2.5879e-05,2.5612e-05,2.5306e-05,2.4964e-05,2.4614e-05
-9.2146e-06,-9.5291e-06,-9.8303e-06,-1.0095e-05,-1.0322e-05,-1.0511e-05,-1.0664e-05,-1.078e-05,-1.0861e-05,-1.0907e-05,-1.092e-05,-1.09e-05,-1.0849e-05,-1.0766e-05,-1.0653e-05,-1.051e-05,-1.0339e-05,-1.014e-05,-9.9128e-06,-9.6586e-06,-9.3778e-06,-9.0709e-06,-8.7382e-06,-8.3801e-06,-7.9972e-06,-7.5897e-06,-7.158e-06,-6.7026e-06,-6.2238e-06,-5.7221e-06,-5.1978e-06,-4.6515e-06,-4.0834e-06,-3.4942e-06,-2.8843e-06,-2.2542e-06,-1.6045e-06,-9.3564e-07,-2.483e-07,4.5692e-07,1.1794e-06,1.9183e-06,2.6731e-06,3.4428e-06,4.2268e-06,5.0239e-06,5.8334e-06,6.6542e-06,7.4851e-06,8.3249e-06,9.1724e-06,1.0026e-05,1.0885e-05,1.1746e-05,1.2609e-05,1.3472e-05,1.4332e-05,1.5187e-05,1.6036e-05,1.6875e-05,1.7702e-05,1.8515e-05,1.931e-05,2.0085e-05,2.0836e-05,2.1561e-05,2.2256e-05,2.2917e-05,2.3543e-05,2.4129e-05,2.4672e-05,2.517e-05,2.5621e-05,2.6021e-05,2.6369e-05,2.6664e-05,2.6903e-05,2.7087e-05,2.7214e-05,2.7286e-05,2.7302e-05,2.7265e-05,2.7174e-05,2.7033e-05,2.6843e-05,2.6606e-05,2.6326e-05,2.6004e-05,2.5645e-05,2.5277e-05
-9.9699e-06,-1.0298e-05,-1.0611e-05,-1.0887e-05,-1.1123e-05,-1.132e-05,-1.1478e-05,-1.1599e-05,-1.1683e-05,-1.173e-05,-1.1743e-05,-1.1722e-05,-1.1668e-05,-1.1581e-05,-1.1464e-05,-1.1316e-05,-1.1138e-05,-1.0931e-05,-1.0696e-05,-1.0432e-05,-1.0142e-05,-9.824e-06,-9.4799e-06,-9.1098e-06,-8.7141e-06,-8.2931e-06,-7.8473e-06,-7.3771e-06,-6.8829e-06,-6.3651e-06,-5.8241e-06,-5.2603e-06,-4.6743e-06,-4.0663e-06,-3.4371e-06,-2.7869e-06,-2.1164e-06,-1.4261e-06,-7.1664e-07,1.147e-08,7.5755e-07,1.5209e-06,2.3009e-06,3.0967e-06,3.9074e-06,4.7323e-06,5.5704e-06,6.4206e-06,7.282e-06,8.1531e-06,9.0329e-06,9.9199e-06,1.0813e-05,1.1709e-05,1.2608e-05,1.3508e-05,1.4406e-05,1.53e-05,1.6187e-05,1.7067e-05,1.7934e-05,1.8788e-05,1.9624e-05,2.0439e-05,2.1231e-05,2.1996e-05,2.273e-05,2.3431e-05,2.4093e-05,2.4715e-05,2.5292e-05,2.5822e-05,2.6302e-05,2.6729e-05,2.7101e-05,2.7415e-05,2.7672e-05,2.7869e-05,2.8007e-05,2.8085e-05,2.8104e-05,2.8066e-05,2.7972e-05,2.7824e-05,2.7624e-05,2.7375e-05,2.7079e-05,2.674e-05,2.6362e-05,2.5975e-05
-1.0765e-05,-1.1106e-05,-1.1433e-05,-1.1721e-05,-1.1966e-05,-1.2171e-05,-1.2336e-05,-1.2461e-05,-1.2547e-05,-1.2597e-05,-1.2609e-05,-1.2587e-05,-1.253e-05,-1.244e-05,-1.2317e-05,-1.2163e-05,-1.1978e-05,-1.1763e-05,-1.1519e-05,-1.1246e-05,-1.0945e-05,-1.0616e-05,-1.026e-05,-9.8775e-06,-9.4684e-06,-9.0335e-06,-8.573e-06,-8.0875e-06,-7.5773e-06,-7.0428e-06,-6.4844e-06,-5.9027e-06,-5.298e-06,-4.6707e-06,-4.0215e-06,-3.3507e-06,-2.6588e-06,-1.9465e-06,-1.2142e-06,-4.6255e-07,3.0784e-07,1.0963e-06,1.9022e-06,2.7247e-06,3.5631e-06,4.4165e-06,5.284e-06,6.1646e-06,7.0573e-06,7.9609e-06,8.8741e-06,9.7954e-06,1.0724e-05,1.1657e-05,1.2593e-05,1.3531e-05,1.4469e-05,1.5403e-05,1.6332e-05,1.7253e-05,1.8164e-05,1.906e-05,1.994e-05,2.0799e-05,2.1635e-05,2.2443e-05,2.3219e-05,2.3961e-05,2.4664e-05,2.5325e-05,2.5939e-05,2.6503e-05,2.7015e-05,2.7471e-05,2.7869e-05,2.8206e-05,2.8482e-05,2.8694e-05,2.8843e-05,2.8928e-05,2.8951e-05,2.8912e-05,2.8814e-05,2.8659e-05,2.8448e-05,2.8185e-05,2.7873e-05,2.7516e-05,2.7117e-05,2.6709e-05
-1.16e-05,-1.1957e-05,-1.2298e-05,-1.2598e-05,-1.2854e-05,-1.3067e-05,-1.3238e-05,-1.3368e-05,-1.3458e-05,-1.3508e-05,-1.3521e-05,-1.3497e-05,-1.3437e-05,-1.3342e-05,-1.3214e-05,-1.3054e-05,-1.2862e-05,-1.2638e-05,-1.2385e-05,-1.2102e-05,-1.179e-05,-1.1449e-05,-1.1081e-05,-1.0685e-05,-1.0262e-05,-9.8124e-06,-9.3366e-06,-8.8351e-06,-8.3083e-06,-7.7565e-06,-7.1803e-06,-6.58e-06,-5.956e-06,-5.3089e-06,-4.639e-06,-3.947e-06,-3.2332e-06,-2.4981e-06,-1.7425e-06,-9.6664e-07,-1.7131e-07,6.4291e-07,1.4754e-06,2.3253e-06,3.1921e-06,4.0747e-06,4.9725e-06,5.8844e-06,6.8094e-06,7.7463e-06,8.694e-06,9.6509e-06,1.0616e-05,1.1587e-05,1.2563e-05,1.3541e-05,1.4519e-05,1.5496e-05,1.6469e-05,1.7434e-05,1.8389e-05,1.9331e-05,2.0257e-05,2.1163e-05,2.2045e-05,2.2899e-05,2.3721e-05,2.4508e-05,2.5255e-05,2.5957e-05,2.6612e-05,2.7214e-05,2.7761e-05,2.8249e-05,2.8676e-05,2.9038e-05,2.9334e-05,2.9563e-05,2.9725e-05,2.9818e-05,2.9845e-05,2.9806e-05,2.9704e-05,2.954e-05,2.9318e-05,2.9041e-05,2.8711e-05,2.8333e-05,2.7912e-05,2.7481e-05
-1.2479e-05,-1.2852e-05,-1.3208e-05,-1.3521e-05,-1.3788e-05,-1.401e-05,-1.4188e-05,-1.4323e-05,-1.4416e-05,-1.4468e-05,-1.448e-05,-1.4454e-05,-1.4391e-05,-1.4292e-05,-1.4158e-05,-1.3991e-05,-1.3791e-05,-1.3558e-05,-1.3295e-05,-1.3001e-05,-1.2678e-05,-1.2325e-05,-1.1943e-05,-1.1534e-05,-1.1096e-05,-1.0631e-05,-1.014e-05,-9.6216e-06,-9.0776e-06,-8.5079e-06,-7.9131e-06,-7.2936e-06,-6.6498e-06,-5.9822e-06,-5.2912e-06,-4.5773e-06,-3.8409e-06,-3.0826e-06,-2.3029e-06,-1.5023e-06,-6.8146e-07,1.5912e-07,1.0188e-06,1.8969e-06,2.7926e-06,3.7053e-06,4.6341e-06,5.578e-06,6.5362e-06,7.5074e-06,8.4905e-06,9.4842e-06,1.0487e-05,1.1497e-05,1.2513e-05,1.3533e-05,1.4555e-05,1.5576e-05,1.6594e-05,1.7605e-05,1.8608e-05,1.9599e-05,2.0573e-05,2.1529e-05,2.246e-05,2.3364e-05,2.4235e-05,2.5071e-05,2.5865e-05,2.6613e-05,2.7311e-05,2.7955e-05,2.854e-05,2.9064e-05,2.9522e-05,2.9912e-05,3.0231e-05,3.0479e-05,3.0655e-05,3.0758e-05,3.079e-05,3.0751e-05,3.0644e-05,3.0472e-05,3.0237e-05,2.9943e-05,2.9594e-05,2.9194e-05,2.8748e-05,2.8293e-05
-1.3403e-05,-1.3793e-05,-1.4165e-05,-1.4492e-05,-1.4771e-05,-1.5003e-05,-1.5188e-05,-1.5328e-05,-1.5424e-05,-1.5477e-05,-1.5489e-05,-1.5461e-05,-1.5394e-05,-1.529e-05,-1.5151e-05,-1.4976e-05,-1.4767e-05,-1.4525e-05,-1.4252e-05,-1.3947e-05,-1.3611e-05,-1.3245e-05,-1.285e-05,-1.2425e-05,-1.1973e-05,-1.1492e-05,-1.0984e-05,-1.0449e-05,-9.8866e-06,-9.2985e-06,-8.6845e-06,-8.0452e-06,-7.3809e-06,-6.6922e-06,-5.9794e-06,-5.243e-06,-4.4835e-06,-3.7014e-06,-2.8971e-06,-2.0712e-06,-1.2242e-06,-3.5669e-07,5.3078e-07,1.4376e-06,2.363e-06,3.3063e-06,4.2668e-06,5.2435e-06,6.2356e-06,7.242e-06,8.2615e-06,9.2929e-06,1.0335e-05,1.1385e-05,1.2443e-05,1.3507e-05,1.4573e-05,1.564e-05,1.6705e-05,1.7766e-05,1.8818e-05,1.986e-05,2.0886e-05,2.1894e-05,2.2879e-05,2.3835e-05,2.476e-05,2.5647e-05,2.6492e-05,2.7291e-05,2.8037e-05,2.8726e-05,2.9354e-05,2.9916e-05,3.0409e-05,3.083e-05,3.1175e-05,3.1445e-05,3.1636e-05,3.175e-05,3.1787e-05,3.1749e-05,3.1638e-05,3.1456e-05,3.1208e-05,3.0896e-05,3.0526e-05,3.0101e-05,2.9628e-05,2.9145e-05
-1.4374e-05,-1.4782e-05,-1.5172e-05,-1.5514e-05,-1.5805e-05,-1.6047e-05,-1.624e-05,-1.6386e-05,-1.6485e-05,-1.6539e-05,-1.6551e-05,-1.652e-05,-1.645e-05,-1.634e-05,-1.6194e-05,-1.6011e-05,-1.5793e-05,-1.5541e-05,-1.5257e-05,-1.4939e-05,-1.4591e-05,-1.4211e-05,-1.3802e-05,-1.3362e-05,-1.2894e-05,-1.2396e-05,-1.1871e-05,-1.1318e-05,-1.0737e-05,-1.013e-05,-9.4959e-06,-8.8362e-06,-8.1508e-06,-7.4403e-06,-6.7052e-06,-5.9458e-06,-5.1626e-06,-4.356e-06,-3.5266e-06,-2.6749e-06,-1.8012e-06,-9.062e-07,9.6174e-09,9.4565e-07,1.9013e-06,2.8759e-06,3.8686e-06,4.8788e-06,5.9056e-06,6.9479e-06,8.0047e-06,9.0747e-06,1.0157e-05,1.1249e-05,1.235e-05,1.3458e-05,1.4571e-05,1.5686e-05,1.68e-05,1.7912e-05,1.9017e-05,2.0112e-05,2.1193e-05,2.2257e-05,2.3298e-05,2.4311e-05,2.5293e-05,2.6236e-05,2.7137e-05,2.7989e-05,2.8788e-05,2.9527e-05,3.0201e-05,3.0806e-05,3.1338e-05,3.1793e-05,3.2168e-05,3.2461e-05,3.2671e-05,3.2798e-05,3.2842e-05,3.2804e-05,3.2688e-05,3.2496e-05,3.2233e-05,3.1902e-05,3.1508e-05,3.1056e-05,3.0553e-05,3.004e-05
-1.5395e-05,-1.5822e-05,-1.6231e-05,-1.6589e-05,-1.6894e-05,-1.7146e-05,-1.7347e-05,-1.7499e-05,-1.7601e-05,-1.7657e-05,-1.7667e-05,-1.7634e-05,-1.7559e-05,-1.7444e-05,-1.729e-05,-1.7099e-05,-1.6871e-05,-1.6609e-05,-1.6312e-05,-1.5982e-05,-1.562e-05,-1.5226e-05,-1.4801e-05,-1.4346e-05,-1.386e-05,-1.3346e-05,-1.2802e-05,-1.223e-05,-1.1631e-05,-1.1003e-05,-1.0349e-05,-9.6681e-06,-8.961e-06,-8.2282e-06,-7.4701e-06,-6.6871e-06,-5.8796e-06,-5.0481e-06,-4.1931e-06,-3.3149e-06,-2.4141e-06,-1.4911e-06,-5.4644e-07,4.1934e-07,1.4057e-06,2.412e-06,3.4376e-06,4.4818e-06,5.5439e-06,6.6228e-06,7.7176e-06,8.827e-06,9.95e-06,1.1085e-05,1.223e-05,1.3384e-05,1.4545e-05,1.5709e-05,1.6876e-05,1.804e-05,1.92e-05,2.0352e-05,2.1491e-05,2.2614e-05,2.3715e-05,2.4789e-05,2.5831e-05,2.6836e-05,2.7797e-05,2.8708e-05,2.9563e-05,3.0357e-05,3.1083e-05,3.1736e-05,3.2311e-05,3.2805e-05,3.3213e-05,3.3533e-05,3.3764e-05,3.3904e-05,3.3956e-05,3.392e-05,3.3799e-05,3.3597e-05,3.3317e-05,3.2965e-05,3.2545e-05,3.2063e-05,3.1527e-05,3.098e-05
-1.6467e-05,-1.6916e-05,-1.7345e-05,-1.772e-05,-1.8039e-05,-1.8303e-05,-1.8513e-05,-1.867e-05,-1.8776e-05,-1.8833e-05,-1.8842e-05,-1.8806e-05,-1.8726e-05,-1.8605e-05,-1.8443e-05,-1.8242e-05,-1.8004e-05,-1.773e-05,-1.742e-05,-1.7077e-05,-1.67e-05,-1.6291e-05,-1.585e-05,-1.5378e-05,-1.4875e-05,-1.4342e-05,-1.378e-05,-1.3189e-05,-1.2569e-05,-1.1921e-05,-1.1245e-05,-1.0543e-05,-9.8131e-06,-9.0573e-06,-8.2756e-06,-7.4684e-06,-6.6361e-06,-5.7791e-06,-4.8979e-06,-3.9929e-06,-3.0645e-06,-2.1131e-06,-1.1392e-06,-1.432e-07,8.7428e-07,1.9128e-06,2.9717e-06,4.0503e-06,5.1482e-06,6.2642e-06,7.3976e-06,8.5473e-06,9.7121e-06,1.0891e-05,1.2081e-05,1.3283e-05,1.4492e-05,1.5708e-05,1.6928e-05,1.8148e-05,1.9365e-05,2.0576e-05,2.1776e-05,2.2961e-05,2.4126e-05,2.5265e-05,2.6373e-05,2.7443e-05,2.8469e-05,2.9444e-05,3.0362e-05,3.1216e-05,3.1999e-05,3.2705e-05,3.3329e-05,3.3865e-05,3.431e-05,3.4661e-05,3.4916e-05,3.5074e-05,3.5135e-05,3.5101e-05,3.4976e-05,3.4762e-05,3.4464e-05,3.4088e-05,3.3639e-05,3.3124e-05,3.2551e-05,3.1968e-05
-1.7595e-05,-1.8066e-05,-1.8517e-05,-1.891e-05,-1.9245e-05,-1.9521e-05,-1.974e-05,-1.9903e-05,-2.0013e-05,-2.007e-05,-2.0078e-05,-2.0039e-05,-1.9954e-05,-1.9825e-05,-1.9654e-05,-1.9443e-05,-1.9194e-05,-1.8907e-05,-1.8584e-05,-1.8226e-05,-1.7834e-05,-1.7408e-05,-1.695e-05,-1.646e-05,-1.5939e-05,-1.5387e-05,-1.4805e-05,-1.4194e-05,-1.3553e-05,-1.2884e-05,-1.2186e-05,-1.1461e-05,-1.0709e-05,-9.9292e-06,-9.1233e-06,-8.2913e-06,-7.4336e-06,-6.5507e-06,-5.6428e-06,-4.7105e-06,-3.754e-06,-2.7738e-06,-1.7703e-06,-7.4379e-07,3.0516e-07,1.3761e-06,2.4686e-06,3.5821e-06,4.7161e-06,5.8697e-06,7.0422e-06,8.2326e-06,9.4398e-06,1.0663e-05,1.19e-05,1.3149e-05,1.441e-05,1.5678e-05,1.6953e-05,1.823e-05,1.9507e-05,2.078e-05,2.2044e-05,2.3295e-05,2.4528e-05,2.5736e-05,2.6914e-05,2.8055e-05,2.9151e-05,3.0196e-05,3.1182e-05,3.2102e-05,3.2948e-05,3.3713e-05,3.4391e-05,3.4976e-05,3.5463e-05,3.5849e-05,3.6132e-05,3.6309e-05,3.6382e-05,3.6352e-05,3.6222e-05,3.5995e-05,3.5678e-05,3.5276e-05,3.4795e-05,3.4243e-05,3.3629e-05,3.3004e-05
-1.878e-05,-1.9276e-05,-1.975e-05,-2.0163e-05,-2.0514e-05,-2.0804e-05,-2.1032e-05,-2.1202e-05,-2.1315e-05,-2.1373e-05,-2.1379e-05,-2.1336e-05,-2.1244e-05,-2.1108e-05,-2.0927e-05,-2.0705e-05,-2.0443e-05,-2.0143e-05,-1.9805e-05,-1.9432e-05,-1.9023e-05,-1.858e-05,-1.8104e-05,-1.7596e-05,-1.7055e-05,-1.6484e-05,-1.5881e-05,-1.5248e-05,-1.4586e-05,-1.3894e-05,-1.3174e-05,-1.2426e-05,-1.1649e-05,-1.0845e-05,-1.0015e-05,-9.1572e-06,-8.2736e-06,-7.3642e-06,-6.4292e-06,-5.4691e-06,-4.4843e-06,-3.4749e-06,-2.4415e-06,-1.3842e-06,-3.0356e-07,8.0015e-07,1.9265e-06,3.075e-06,4.2453e-06,5.4368e-06,6.6486e-06,7.8801e-06,9.1303e-06,1.0398e-05,1.1682e-05,1.2981e-05,1.4293e-05,1.5616e-05,1.6947e-05,1.8284e-05,1.9622e-05,2.096e-05,2.2291e-05,2.3611e-05,2.4916e-05,2.6197e-05,2.745e-05,2.8667e-05,2.984e-05,3.0961e-05,3.2021e-05,3.3014e-05,3.3929e-05,3.476e-05,3.5499e-05,3.6139e-05,3.6674e-05,3.7101e-05,3.7415e-05,3.7615e-05,3.7702e-05,3.7677e-05,3.7543e-05,3.7304e-05,3.6965e-05,3.6534e-05,3.6018e-05,3.5424e-05,3.4763e-05,3.4092e-05
-2.0026e-05,-2.0549e-05,-2.1048e-05,-2.1483e-05,-2.1852e-05,-2.2155e-05,-2.2394e-05,-2.257e-05,-2.2686e-05,-2.2745e-05,-2.2749e-05,-2.27e-05,-2.2602e-05,-2.2456e-05,-2.2266e-05,-2.2031e-05,-2.1756e-05,-2.1441e-05,-2.1088e-05,-2.0697e-05,-2.0271e-05,-1.981e-05,-1.9315e-05,-1.8786e-05,-1.8225e-05,-1.7632e-05,-1.7008e-05,-1.6353e-05,-1.5668e-05,-1.4954e-05,-1.421e-05,-1.3437e-05,-1.2636e-05,-1.1807e-05,-1.0951e-05,-1.0068e-05,-9.1576e-06,-8.2211e-06,-7.2587e-06,-6.2704e-06,-5.2568e-06,-4.2181e-06,-3.1544e-06,-2.0662e-06,-9.5371e-07,1.8283e-07,1.3431e-06,2.5268e-06,3.7334e-06,4.9628e-06,6.2141e-06,7.4868e-06,8.7802e-06,1.0093e-05,1.1425e-05,1.2773e-05,1.4138e-05,1.5516e-05,1.6905e-05,1.8302e-05,1.9705e-05,2.1109e-05,2.2511e-05,2.3904e-05,2.5284e-05,2.6643e-05,2.7976e-05,2.9274e-05,3.0529e-05,3.1733e-05,3.2876e-05,3.3948e-05,3.4941e-05,3.5846e-05,3.6653e-05,3.7355e-05,3.7945e-05,3.8418e-05,3.8769e-05,3.8997e-05,3.9101e-05,3.9083e-05,3.8945e-05,3.8693e-05,3.8331e-05,3.7869e-05,3.7312e-05,3.6672e-05,3.5959e-05,3.5235e-05
-2.1337e-05,-2.1889e-05,-2.2416e-05,-2.2874e-05,-2.3262e-05,-2.3579e-05,-2.3829e-05,-2.4012e-05,-2.4131e-05,-2.419e-05,-2.4191e-05,-2.4137e-05,-2.4031e-05,-2.3875e-05,-2.3672e-05,-2.3425e-05,-2.3135e-05,-2.2804e-05,-2.2433e-05,-2.2025e-05,-2.158e-05,-2.1099e-05,-2.0583e-05,-2.0034e-05,-1.9451e-05,-1.8836e-05,-1.8189e-05,-1.7511e-05,-1.6802e-05,-1.6064e-05,-1.5295e-05,-1.4497e-05,-1.3671e-05,-1.2816e-05,-1.1934e-05,-1.1024e-05,-1.0087e-05,-9.1229e-06,-8.1325e-06,-7.1158e-06,-6.0731e-06,-5.0047e-06,-3.9108e-06,-2.7915e-06,-1.6471e-06,-4.777e-07,7.1643e-07,1.9351e-06,3.1781e-06,4.4452e-06,5.736e-06,7.0499e-06,8.3863e-06,9.7446e-06,1.1124e-05,1.2523e-05,1.394e-05,1.5374e-05,1.6822e-05,1.8282e-05,1.975e-05,2.1223e-05,2.2697e-05,2.4167e-05,2.5626e-05,2.7068e-05,2.8486e-05,2.9871e-05,3.1215e-05,3.2509e-05,3.3741e-05,3.4902e-05,3.5981e-05,3.6967e-05,3.7851e-05,3.8624e-05,3.9276e-05,3.9803e-05,4.0198e-05,4.0459e-05,4.0585e-05,4.0576e-05,4.0436e-05,4.017e-05,3.9784e-05,3.9286e-05,3.8685e-05,3.7992e-05,3.722e-05,3.6435e-05
-2.2716e-05,-2.3301e-05,-2.3857e-05,-2.434e-05,-2.4748e-05,-2.5082e-05,-2.5342e-05,-2.5532e-05,-2.5655e-05,-2.5713e-05,-2.571e-05,-2.565e-05,-2.5534e-05,-2.5367e-05,-2.5152e-05,-2.4889e-05,-2.4583e-05,-2.4234e-05,-2.3845e-05,-2.3417e-05,-2.2952e-05,-2.245e-05,-2.1912e-05,-2.1341e-05,-2.0735e-05,-2.0096e-05,-1.9426e-05,-1.8723e-05,-1.799e-05,-1.7226e-05,-1.6432e-05,-1.5608e-05,-1.4755e-05,-1.3874e-05,-1.2965e-05,-1.2027e-05,-1.1063e-05,-1.0071e-05,-9.052e-06,-8.0065e-06,-6.9345e-06,-5.8363e-06,-4.7119e-06,-3.5616e-06,-2.3853e-06,-1.1832e-06,4.4568e-08,1.298e-06,2.577e-06,3.8816e-06,5.2114e-06,6.5661e-06,7.9454e-06,9.3487e-06,1.0775e-05,1.2224e-05,1.3695e-05,1.5185e-05,1.6692e-05,1.8215e-05,1.9751e-05,2.1295e-05,2.2844e-05,2.4393e-05,2.5935e-05,2.7464e-05,2.8972e-05,3.0451e-05,3.1891e-05,3.3281e-05,3.4611e-05,3.5869e-05,3.7044e-05,3.8122e-05,3.9093e-05,3.9946e-05,4.0671e-05,4.126e-05,4.1707e-05,4.2007e-05,4.2159e-05,4.2164e-05,4.2023e-05,4.1743e-05,4.133e-05,4.0793e-05,4.0143e-05,3.939e-05,3.8552e-05,3.7698e-05
-2.4168e-05,-2.4788e-05,-2.5376e-05,-2.5887e-05,-2.6317e-05,-2.6667e-05,-2.694e-05,-2.7137e-05,-2.7262e-05,-2.7319e-05,-2.7312e-05,-2.7243e-05,-2.7118e-05,-2.6938e-05,-2.6707e-05,-2.6428e-05,-2.6104e-05,-2.5736e-05,-2.5327e-05,-2.4878e-05,-2.439e-05,-2.3866e-05,-2.3305e-05,-2.2709e-05,-2.2079e-05,-2.1416e-05,-2.072e-05,-1.9991e-05,-1.9232e-05,-1.8441e-05,-1.7621e-05,-1.677e-05,-1.589e-05,-1.4982e-05,-1.4044e-05,-1.3079e-05,-1.2086e-05,-1.1066e-05,-1.0018e-05,-8.9436e-06,-7.8422e-06,-6.714e-06,-5.5592e-06,-4.3779e-06,-3.1699e-06,-1.9354e-06,-6.7427e-07,6.1354e-07,1.9281e-06,3.2696e-06,4.6378e-06,6.0328e-06,7.4543e-06,8.902e-06,1.0376e-05,1.1874e-05,1.3397e-05,1.4944e-05,1.6511e-05,1.8098e-05,1.9701e-05,2.1318e-05,2.2944e-05,2.4574e-05,2.6203e-05,2.7823e-05,2.9427e-05,3.1005e-05,3.2547e-05,3.4043e-05,3.548e-05,3.6845e-05,3.8125e-05,3.9306e-05,4.0375e-05,4.132e-05,4.2128e-05,4.279e-05,4.3298e-05,4.3646e-05,4.3831e-05,4.3853e-05,4.3715e-05,4.3421e-05,4.298e-05,4.2401e-05,4.1695e-05,4.0876e-05,3.996e-05,3.9028e-05
-2.5698e-05,-2.6356e-05,-2.698e-05,-2.752e-05,-2.7974e-05,-2.8342e-05,-2.8627e-05,-2.8831e-05,-2.8959e-05,-2.9014e-05,-2.9e-05,-2.8923e-05,-2.8785e-05,-2.8591e-05,-2.8343e-05,-2.8046e-05,-2.7702e-05,-2.7313e-05,-2.6882e-05,-2.641e-05,-2.5898e-05,-2.5349e-05,-2.4763e-05,-2.4142e-05,-2.3486e-05,-2.2796e-05,-2.2073e-05,-2.1317e-05,-2.053e-05,-1.9712e-05,-1.8864e-05,-1.7985e-05,-1.7077e-05,-1.614e-05,-1.5174e-05,-1.418e-05,-1.3159e-05,-1.2109e-05,-1.1032e-05,-9.9283e-06,-8.7971e-06,-7.639e-06,-6.4538e-06,-5.2416e-06,-4.0022e-06,-2.7357e-06,-1.4417e-06,-1.2011e-07,1.2293e-06,2.6069e-06,4.0127e-06,5.447e-06,6.9097e-06,8.401e-06,9.9206e-06,1.1468e-05,1.3043e-05,1.4645e-05,1.6272e-05,1.7923e-05,1.9594e-05,2.1284e-05,2.2989e-05,2.4703e-05,2.6421e-05,2.8136e-05,2.984e-05,3.1523e-05,3.3176e-05,3.4785e-05,3.6338e-05,3.7821e-05,3.9218e-05,4.0514e-05,4.1695e-05,4.2744e-05,4.3648e-05,4.4396e-05,4.4976e-05,4.5381e-05,4.5608e-05,4.5654e-05,4.5521e-05,4.5216e-05,4.4745e-05,4.4119e-05,4.3352e-05,4.2456e-05,4.1454e-05,4.0432e-05
-2.7311e-05,-2.8011e-05,-2.8674e-05,-2.9247e-05,-2.9727e-05,-3.0114e-05,-3.0411e-05,-3.0622e-05,-3.0751e-05,-3.0803e-05,-3.0782e-05,-3.0694e-05,-3.0542e-05,-3.0331e-05,-3.0065e-05,-2.9747e-05,-2.9381e-05,-2.8969e-05,-2.8513e-05,-2.8016e-05,-2.7478e-05,-2.6903e-05,-2.629e-05,-2.5641e-05,-2.4957e-05,-2.4239e-05,-2.3487e-05,-2.2703e-05,-2.1887e-05,-2.104e-05,-2.0162e-05,-1.9254e-05,-1.8317e-05,-1.735e-05,-1.6355e-05,-1.5332e-05,-1.4281e-05,-1.3201e-05,-1.2095e-05,-1.0961e-05,-9.8002e-06,-8.6119e-06,-7.3965e-06,-6.1536e-06,-4.8833e-06,-3.5851e-06,-2.259e-06,-9.0441e-07,4.7891e-07,1.8915e-06,3.3338e-06,4.8062e-06,6.3089e-06,7.8423e-06,9.4065e-06,1.1002e-05,1.2628e-05,1.4284e-05,1.5969e-05,1.7683e-05,1.9423e-05,2.1186e-05,2.297e-05,2.4769e-05,2.6579e-05,2.8392e-05,3.0201e-05,3.1995e-05,3.3765e-05,3.5496e-05,3.7175e-05,3.8786e-05,4.0314e-05,4.1739e-05,4.3045e-05,4.4214e-05,4.523e-05,4.6077e-05,4.6744e-05,4.7219e-05,4.7497e-05,4.7575e-05,4.7454e-05,4.7139e-05,4.6637e-05,4.5961e-05,4.5125e-05,4.4144e-05,4.3042e-05,4.1916e-05
-2.9013e-05,-2.976e-05,-3.0466e-05,-3.1074e-05,-3.1581e-05,-3.1988e-05,-3.2299e-05,-3.2516e-05,-3.2646e-05,-3.2693e-05,-3.2663e-05,-3.2562e-05,-3.2394e-05,-3.2164e-05,-3.1877e-05,-3.1536e-05,-3.1145e-05,-3.0707e-05,-3.0225e-05,-2.9699e-05,-2.9134e-05,-2.8529e-05,-2.7887e-05,-2.7208e-05,-2.6494e-05,-2.5746e-05,-2.4964e-05,-2.415e-05,-2.3303e-05,-2.2425e-05,-2.1517e-05,-2.0578e-05,-1.961e-05,-1.8613e-05,-1.7588e-05,-1.6534e-05,-1.5452e-05,-1.4343e-05,-1.3207e-05,-1.2043e-05,-1.0852e-05,-9.6334e-06,-8.3878e-06,-7.1147e-06,-5.8137e-06,-4.4847e-06,-3.1271e-06,-1.7405e-06,-3.2439e-07,1.122e-06,2.5993e-06,4.1081e-06,5.6491e-06,7.2229e-06,8.8299e-06,1.0471e-05,1.2146e-05,1.3854e-05,1.5597e-05,1.7372e-05,1.9179e-05,2.1015e-05,2.2877e-05,2.4763e-05,2.6666e-05,2.858e-05,3.0497e-05,3.2408e-05,3.4301e-05,3.6162e-05,3.7978e-05,3.973e-05,4.1401e-05,4.297e-05,4.4418e-05,4.5724e-05,4.6869e-05,4.7834e-05,4.8604e-05,4.9164e-05,4.9507e-05,4.9628e-05,4.9525e-05,4.9204e-05,4.8672e-05,4.7943e-05,4.703e-05,4.5953e-05,4.4736e-05,4.3491e-05
-3.0812e-05,-3.161e-05,-3.2363e-05,-3.301e-05,-3.3547e-05,-3.3975e-05,-3.4299e-05,-3.4523e-05,-3.4652e-05,-3.4693e-05,-3.4651e-05,-3.4534e-05,-3.4347e-05,-3.4095e-05,-3.3784e-05,-3.3417e-05,-3.2999e-05,-3.2532e-05,-3.202e-05,-3.1464e-05,-3.0868e-05,-3.0232e-05,-2.9558e-05,-2.8847e-05,-2.8101e-05,-2.732e-05,-2.6506e-05,-2.5659e-05,-2.478e-05,-2.387e-05,-2.2929e-05,-2.1958e-05,-2.0958e-05,-1.9929e-05,-1.8872e-05,-1.7787e-05,-1.6675e-05,-1.5535e-05,-1.4367e-05,-1.3173e-05,-1.1952e-05,-1.0704e-05,-9.428e-06,-8.1249e-06,-6.7939e-06,-5.4347e-06,-4.0466e-06,-2.6292e-06,-1.1815e-06,2.9703e-07,1.8077e-06,3.3511e-06,4.9283e-06,6.5402e-06,8.1877e-06,9.8716e-06,1.1593e-05,1.3352e-05,1.5148e-05,1.6983e-05,1.8855e-05,2.0762e-05,2.2702e-05,2.4673e-05,2.667e-05,2.8686e-05,3.0715e-05,3.2747e-05,3.4769e-05,3.677e-05,3.8731e-05,4.0637e-05,4.2465e-05,4.4196e-05,4.5804e-05,4.7267e-05,4.8561e-05,4.9665e-05,5.0557e-05,5.1222e-05,5.1646e-05,5.1823e-05,5.1749e-05,5.1428e-05,5.0868e-05,5.0081e-05,4.9084e-05,4.7898e-05,4.6552e-05,4.5168e-05
-3.2715e-05,-3.357e-05,-3.4375e-05,-3.5064e-05,-3.5633e-05,-3.6084e-05,-3.6421e-05,-3.665e-05,-3.6777e-05,-3.6809e-05,-3.6754e-05,-3.6618e-05,-3.6409e-05,-3.6132e-05,-3.5793e-05,-3.5396e-05,-3.4947e-05,-3.4448e-05,-3.3903e-05,-3.3314e-05,-3.2684e-05,-3.2013e-05,-3.1305e-05,-3.0559e-05,-2.9778e-05,-2.8962e-05,-2.8113e-05,-2.7232e-05,-2.6318e-05,-2.5374e-05,-2.4399e-05,-2.3394e-05,-2.2361e-05,-2.1299e-05,-2.0209e-05,-1.9092e-05,-1.7947e-05,-1.6775e-05,-1.5577e-05,-1.4352e-05,-1.31e-05,-1.1822e-05,-1.0517e-05,-9.1839e-06,-7.8236e-06,-6.435e-06,-5.0176e-06,-3.5705e-06,-2.0929e-06,-5.8377e-07,9.5816e-07,2.534e-06,4.1449e-06,5.7922e-06,7.4772e-06,9.2013e-06,1.0966e-05,1.2771e-05,1.4619e-05,1.651e-05,1.8443e-05,2.0419e-05,2.2435e-05,2.449e-05,2.6579e-05,2.8699e-05,3.084e-05,3.2996e-05,3.5154e-05,3.73e-05,3.9418e-05,4.1489e-05,4.3491e-05,4.54e-05,4.7189e-05,4.8831e-05,5.0298e-05,5.1564e-05,5.2604e-05,5.3396e-05,5.3922e-05,5.4173e-05,5.4141e-05,5.3829e-05,5.3243e-05,5.2397e-05,5.1309e-05,5.0001e-05,4.8508e-05,4.6965e-05
-3.4731e-05,-3.565e-05,-3.6512e-05,-3.7248e-05,-3.7852e-05,-3.8326e-05,-3.8676e-05,-3.8909e-05,-3.9031e-05,-3.9052e-05,-3.8979e-05,-3.8821e-05,-3.8585e-05,-3.8279e-05,-3.7908e-05,-3.7479e-05,-3.6994e-05,-3.646e-05,-3.5878e-05,-3.5252e-05,-3.4584e-05,-3.3876e-05,-3.3129e-05,-3.2346e-05,-3.1527e-05,-3.0674e-05,-2.9788e-05,-2.8869e-05,-2.7918e-05,-2.6937e-05,-2.5926e-05,-2.4886e-05,-2.3818e-05,-2.2721e-05,-2.1597e-05,-2.0446e-05,-1.9269e-05,-1.8065e-05,-1.6835e-05,-1.5578e-05,-1.4296e-05,-1.2988e-05,-1.1653e-05,-1.0291e-05,-8.9019e-06,-7.4849e-06,-6.0392e-06,-4.5639e-06,-3.058e-06,-1.5203e-06,5.0593e-08,1.6562e-06,3.298e-06,4.9776e-06,6.6968e-06,8.4574e-06,1.0261e-05,1.2109e-05,1.4004e-05,1.5947e-05,1.7938e-05,1.9978e-05,2.2066e-05,2.4202e-05,2.6382e-05,2.8602e-05,3.0857e-05,3.3139e-05,3.5436e-05,3.7734e-05,4.0018e-05,4.2267e-05,4.4458e-05,4.6563e-05,4.8555e-05,5.0401e-05,5.2068e-05,5.3525e-05,5.4741e-05,5.5688e-05,5.6343e-05,5.669e-05,5.6718e-05,5.6427e-05,5.5821e-05,5.4915e-05,5.3729e-05,5.2286e-05,5.0626e-05,4.8901e-05
-3.6871e-05,-3.7861e-05,-3.8788e-05,-3.9574e-05,-4.0215e-05,-4.0713e-05,-4.1076e-05,-4.131e-05,-4.1425e-05,-4.1431e-05,-4.1336e-05,-4.1152e-05,-4.0885e-05,-4.0545e-05,-4.0138e-05,-3.967e-05,-3.9146e-05,-3.8571e-05,-3.7949e-05,-3.7281e-05,-3.6572e-05,-3.5822e-05,-3.5035e-05,-3.421e-05,-3.335e-05,-3.2456e-05,-3.153e-05,-3.0571e-05,-2.9581e-05,-2.8561e-05,-2.7512e-05,-2.6434e-05,-2.5328e-05,-2.4195e-05,-2.3036e-05,-2.185e-05,-2.0638e-05,-1.9401e-05,-1.8139e-05,-1.6851e-05,-1.5538e-05,-1.4199e-05,-1.2835e-05,-1.1444e-05,-1.0027e-05,-8.5828e-06,-7.1101e-06,-5.6081e-06,-4.0757e-06,-2.5116e-06,-9.1416e-07,7.1848e-07,2.388e-06,4.0965e-06,5.8459e-06,7.6387e-06,9.4771e-06,1.1363e-05,1.33e-05,1.5289e-05,1.7332e-05,1.9431e-05,2.1586e-05,2.3798e-05,2.6065e-05,2.8384e-05,3.075e-05,3.3158e-05,3.5596e-05,3.8052e-05,4.051e-05,4.2948e-05,4.5343e-05,4.7665e-05,4.9882e-05,5.1959e-05,5.3857e-05,5.5538e-05,5.6963e-05,5.8099e-05,5.8914e-05,5.9385e-05,5.9498e-05,5.9244e-05,5.863e-05,5.7666e-05,5.6375e-05,5.4783e-05,5.2934e-05,5.1001e-05
-3.9148e-05,-4.0218e-05,-4.1215e-05,-4.2056e-05,-4.2737e-05,-4.326e-05,-4.3634e-05,-4.3868e-05,-4.3972e-05,-4.3957e-05,-4.3836e-05,-4.3619e-05,-4.3316e-05,-4.2936e-05,-4.2487e-05,-4.1976e-05,-4.1407e-05,-4.0787e-05,-4.0118e-05,-3.9405e-05,-3.865e-05,-3.7855e-05,-3.7022e-05,-3.6152e-05,-3.5248e-05,-3.431e-05,-3.3339e-05,-3.2337e-05,-3.1305e-05,-3.0244e-05,-2.9154e-05,-2.8036e-05,-2.6891e-05,-2.572e-05,-2.4523e-05,-2.3301e-05,-2.2054e-05,-2.0783e-05,-1.9487e-05,-1.8167e-05,-1.6823e-05,-1.5454e-05,-1.406e-05,-1.2642e-05,-1.1197e-05,-9.7263e-06,-8.2278e-06,-6.7008e-06,-5.1438e-06,-3.5555e-06,-1.9341e-06,-2.7754e-07,1.4163e-06,3.1497e-06,4.9251e-06,6.7454e-06,8.6134e-06,1.0532e-05,1.2505e-05,1.4534e-05,1.6623e-05,1.8774e-05,2.0989e-05,2.3271e-05,2.5618e-05,2.803e-05,3.0505e-05,3.3036e-05,3.5615e-05,3.8231e-05,4.0869e-05,4.3507e-05,4.612e-05,4.8678e-05,5.1146e-05,5.3483e-05,5.5645e-05,5.7587e-05,5.9262e-05,6.0627e-05,6.1641e-05,6.2273e-05,6.2499e-05,6.2308e-05,6.1698e-05,6.0683e-05,5.9282e-05,5.7528e-05,5.5468e-05,5.3297e-05
-4.1576e-05,-4.2736e-05,-4.3811e-05,-4.4713e-05,-4.5435e-05,-4.5984e-05,-4.6367e-05,-4.6596e-05,-4.6684e-05,-4.6644e-05,-4.649e-05,-4.6234e-05,-4.5888e-05,-4.5461e-05,-4.4964e-05,-4.4402e-05,-4.3782e-05,-4.3111e-05,-4.2391e-05,-4.1627e-05,-4.082e-05,-3.9975e-05,-3.9091e-05,-3.8173e-05,-3.7219e-05,-3.6233e-05,-3.5216e-05,-3.4168e-05,-3.309e-05,-3.1984e-05,-3.085e-05,-2.969e-05,-2.8504e-05,-2.7293e-05,-2.6057e-05,-2.4797e-05,-2.3513e-05,-2.2206e-05,-2.0876e-05,-1.9523e-05,-1.8148e-05,-1.6749e-05,-1.5326e-05,-1.3879e-05,-1.2408e-05,-1.0912e-05,-9.3889e-06,-7.8384e-06,-6.2588e-06,-4.6487e-06,-3.0061e-06,-1.3288e-06,3.8567e-07,2.1398e-06,3.9367e-06,5.7793e-06,7.6712e-06,9.616e-06,1.1618e-05,1.368e-05,1.5807e-05,1.8002e-05,2.0269e-05,2.2612e-05,2.5032e-05,2.753e-05,3.0106e-05,3.2756e-05,3.5474e-05,3.825e-05,4.1071e-05,4.3917e-05,4.6762e-05,4.9575e-05,5.2318e-05,5.4946e-05,5.741e-05,5.9655e-05,6.1625e-05,6.3266e-05,6.4527e-05,6.5364e-05,6.5743e-05,6.5644e-05,6.5062e-05,6.4005e-05,6.2494e-05,6.0565e-05,5.8269e-05,5.583e-05
-4.4173e-05,-4.5433e-05,-4.6596e-05,-4.7563e-05,-4.833e-05,-4.8902e-05,-4.9292e-05,-4.9512e-05,-4.9577e-05,-4.9505e-05,-4.931e-05,-4.9007e-05,-4.8609e-05,-4.8128e-05,-4.7573e-05,-4.6954e-05,-4.6277e-05,-4.5547e-05,-4.4769e-05,-4.3947e-05,-4.3084e-05,-4.2182e-05,-4.1244e-05,-4.0271e-05,-3.9265e-05,-3.8227e-05,-3.7158e-05,-3.6059e-05,-3.4933e-05,-3.3779e-05,-3.2599e-05,-3.1393e-05,-3.0163e-05,-2.8909e-05,-2.7632e-05,-2.6333e-05,-2.5011e-05,-2.3668e-05,-2.2302e-05,-2.0916e-05,-1.9508e-05,-1.8078e-05,-1.6627e-05,-1.5153e-05,-1.3656e-05,-1.2135e-05,-1.0589e-05,-9.0162e-06,-7.4161e-06,-5.7865e-06,-4.1254e-06,-2.4306e-06,-6.9932e-07,1.0714e-06,2.8847e-06,4.7442e-06,6.6539e-06,8.618e-06,1.0641e-05,1.2728e-05,1.4884e-05,1.7115e-05,1.9424e-05,2.1818e-05,2.4301e-05,2.6875e-05,2.9543e-05,3.2304e-05,3.5155e-05,3.8089e-05,4.1094e-05,4.4153e-05,4.7241e-05,5.0326e-05,5.3369e-05,5.632e-05,5.9124e-05,6.1718e-05,6.4036e-05,6.6009e-05,6.7572e-05,6.8668e-05,6.9249e-05,6.9285e-05,6.8759e-05,6.7678e-05,6.6061e-05,6.3945e-05,6.139e-05,5.865e-05
-4.6959e-05,-4.8333e-05,-4.9593e-05,-5.0631e-05,-5.1444e-05,-5.2039e-05,-5.243e-05,-5.2634e-05,-5.2669e-05,-5.2555e-05,-5.2309e-05,-5.1949e-05,-5.1489e-05,-5.0944e-05,-5.0323e-05,-4.9637e-05,-4.8893e-05,-4.8097e-05,-4.7254e-05,-4.6368e-05,-4.5442e-05,-4.4478e-05,-4.3479e-05,-4.2446e-05,-4.1381e-05,-4.0286e-05,-3.9162e-05,-3.8009e-05,-3.683e-05,-3.5625e-05,-3.4395e-05,-3.3141e-05,-3.1864e-05,-3.0566e-05,-2.9245e-05,-2.7904e-05,-2.6543e-05,-2.5161e-05,-2.376e-05,-2.2339e-05,-2.0898e-05,-1.9438e-05,-1.7957e-05,-1.6456e-05,-1.4934e-05,-1.3389e-05,-1.1821e-05,-1.0228e-05,-8.6093e-06,-6.9625e-06,-5.2858e-06,-3.5767e-06,-1.8323e-06,-4.9542e-08,1.7753e-06,3.646e-06,5.5672e-06,7.5435e-06,9.5805e-06,1.1684e-05,1.386e-05,1.6115e-05,1.8455e-05,2.0889e-05,2.3422e-05,2.6061e-05,2.8809e-05,3.1671e-05,3.4646e-05,3.7731e-05,4.0917e-05,4.4191e-05,4.7529e-05,5.0901e-05,5.4266e-05,5.7572e-05,6.0758e-05,6.3751e-05,6.6474e-05,6.8842e-05,7.0775e-05,7.2196e-05,7.3041e-05,7.3263e-05,7.2835e-05,7.1755e-05,7.0041e-05,6.7731e-05,6.4894e-05,6.1817e-05
-4.9959e-05,-5.1461e-05,-5.2829e-05,-5.3945e-05,-5.4805e-05,-5.5419e-05,-5.5805e-05,-5.5984e-05,-5.5978e-05,-5.581e-05,-5.5501e-05,-5.5071e-05,-5.4538e-05,-5.3916e-05,-5.3219e-05,-5.2456e-05,-5.1636e-05,-5.0764e-05,-4.9847e-05,-4.8889e-05,-4.7892e-05,-4.6859e-05,-4.5792e-05,-4.4694e-05,-4.3565e-05,-4.2408e-05,-4.1223e-05,-4.0011e-05,-3.8775e-05,-3.7515e-05,-3.6232e-05,-3.4927e-05,-3.3601e-05,-3.2254e-05,-3.0888e-05,-2.9504e-05,-2.8101e-05,-2.668e-05,-2.5241e-05,-2.3785e-05,-2.2311e-05,-2.082e-05,-1.931e-05,-1.7782e-05,-1.6234e-05,-1.4667e-05,-1.3078e-05,-1.1466e-05,-9.8305e-06,-8.1689e-06,-6.4792e-06,-4.7588e-06,-3.0051e-06,-1.2144e-06,6.1697e-07,2.4934e-06,4.4196e-06,6.401e-06,8.4436e-06,1.0554e-05,1.274e-05,1.5008e-05,1.7368e-05,1.9829e-05,2.2399e-05,2.5088e-05,2.7903e-05,3.0852e-05,3.3938e-05,3.7164e-05,4.0524e-05,4.401e-05,4.7603e-05,5.1273e-05,5.4981e-05,5.8672e-05,6.2281e-05,6.5727e-05,6.8917e-05,7.1753e-05,7.4132e-05,7.5957e-05,7.7141e-05,7.7616e-05,7.734e-05,7.6298e-05,7.4505e-05,7.2e-05,6.8859e-05,6.5408e-05
-5.3203e-05,-5.485e-05,-5.6339e-05,-5.7537e-05,-5.8444e-05,-5.9073e-05,-5.9445e-05,-5.9587e-05,-5.9526e-05,-5.9288e-05,-5.8901e-05,-5.8386e-05,-5.7764e-05,-5.7053e-05,-5.6265e-05,-5.5412e-05,-5.4504e-05,-5.3547e-05,-5.2546e-05,-5.1506e-05,-5.043e-05,-4.9321e-05,-4.8179e-05,-4.7009e-05,-4.581e-05,-4.4584e-05,-4.3334e-05,-4.2059e-05,-4.0761e-05,-3.9442e-05,-3.8102e-05,-3.6742e-05,-3.5363e-05,-3.3967e-05,-3.2553e-05,-3.1123e-05,-2.9677e-05,-2.8215e-05,-2.6738e-05,-2.5245e-05,-2.3738e-05,-2.2214e-05,-2.0676e-05,-1.912e-05,-1.7548e-05,-1.5959e-05,-1.435e-05,-1.2721e-05,-1.107e-05,-9.3959e-06,-7.6956e-06,-5.967e-06,-4.2071e-06,-2.4127e-06,-5.7936e-07,1.2973e-06,3.2225e-06,5.2019e-06,7.2422e-06,9.3508e-06,1.1536e-05,1.3807e-05,1.6174e-05,1.8648e-05,2.1241e-05,2.3964e-05,2.683e-05,2.9849e-05,3.3032e-05,3.6385e-05,3.9909e-05,4.36e-05,4.7445e-05,5.142e-05,5.5487e-05,5.9592e-05,6.3665e-05,6.7616e-05,7.1342e-05,7.4724e-05,7.7638e-05,7.9959e-05,8.1573e-05,8.2386e-05,8.2332e-05,8.138e-05,7.9536e-05,7.684e-05,7.3377e-05,6.9515e-05
-5.6727e-05,-5.854e-05,-6.0162e-05,-6.1449e-05,-6.24e-05,-6.3035e-05,-6.3381e-05,-6.3469e-05,-6.3334e-05,-6.3009e-05,-6.2523e-05,-6.1905e-05,-6.1176e-05,-6.0357e-05,-5.9464e-05,-5.8507e-05,-5.7498e-05,-5.6443e-05,-5.5347e-05,-5.4215e-05,-5.305e-05,-5.1855e-05,-5.0632e-05,-4.9381e-05,-4.8106e-05,-4.6806e-05,-4.5484e-05,-4.4141e-05,-4.2777e-05,-4.1395e-05,-3.9994e-05,-3.8576e-05,-3.7142e-05,-3.5693e-05,-3.4229e-05,-3.2751e-05,-3.126e-05,-2.9756e-05,-2.8239e-05,-2.6709e-05,-2.5167e-05,-2.3612e-05,-2.2044e-05,-2.0462e-05,-1.8866e-05,-1.7254e-05,-1.5627e-05,-1.3982e-05,-1.2317e-05,-1.0632e-05,-8.9234e-06,-7.1891e-06,-5.4262e-06,-3.6314e-06,-1.8005e-06,7.1536e-08,1.9899e-06,3.9609e-06,5.9914e-06,8.0897e-06,1.0265e-05,1.2527e-05,1.4889e-05,1.7363e-05,1.9963e-05,2.2705e-05,2.5604e-05,2.8677e-05,3.1938e-05,3.5401e-05,3.9073e-05,4.2959e-05,4.7051e-05,5.1333e-05,5.577e-05,6.0312e-05,6.4887e-05,6.9398e-05,7.373e-05,7.7744e-05,8.1291e-05,8.4215e-05,8.6367e-05,8.762e-05,8.7877e-05,8.7083e-05,8.5233e-05,8.2362e-05,7.8562e-05,7.4254e-05
-6.0576e-05,-6.2577e-05,-6.4347e-05,-6.5727e-05,-6.6719e-05,-6.7348e-05,-6.7649e-05,-6.7662e-05,-6.743e-05,-6.6991e-05,-6.6383e-05,-6.5637e-05,-6.478e-05,-6.3833e-05,-6.2814e-05,-6.1737e-05,-6.0611e-05,-5.9443e-05,-5.824e-05,-5.7005e-05,-5.5742e-05,-5.4451e-05,-5.3137e-05,-5.1799e-05,-5.044e-05,-4.906e-05,-4.7661e-05,-4.6244e-05,-4.481e-05,-4.3359e-05,-4.1894e-05,-4.0415e-05,-3.8923e-05,-3.7418e-05,-3.5902e-05,-3.4375e-05,-3.2837e-05,-3.1289e-05,-2.9731e-05,-2.8164e-05,-2.6586e-05,-2.4999e-05,-2.3401e-05,-2.1793e-05,-2.0173e-05,-1.8541e-05,-1.6895e-05,-1.5235e-05,-1.3558e-05,-1.1864e-05,-1.0149e-05,-8.4113e-06,-6.6481e-06,-4.8558e-06,-3.0308e-06,-1.1678e-06,7.3895e-07,2.6957e-06,4.7099e-06,6.7903e-06,8.9467e-06,1.1191e-05,1.3536e-05,1.5996e-05,1.859e-05,2.1334e-05,2.425e-05,2.7358e-05,3.0678e-05,3.4232e-05,3.8035e-05,4.21e-05,4.6429e-05,5.1014e-05,5.5828e-05,6.0825e-05,6.5935e-05,7.1059e-05,7.6067e-05,8.0804e-05,8.5091e-05,8.8739e-05,9.1557e-05,9.3374e-05,9.4054e-05,9.351e-05,9.1713e-05,8.8695e-05,8.4553e-05,7.9761e-05
-6.4804e-05,-6.702e-05,-6.8955e-05,-7.043e-05,-7.1454e-05,-7.2059e-05,-7.229e-05,-7.2199e-05,-7.1838e-05,-7.1254e-05,-7.0493e-05,-6.959e-05,-6.8577e-05,-6.7478e-05,-6.6312e-05,-6.5094e-05,-6.3833e-05,-6.2537e-05,-6.1212e-05,-5.9861e-05,-5.8487e-05,-5.7092e-05,-5.5677e-05,-5.4244e-05,-5.2794e-05,-5.1327e-05,-4.9846e-05,-4.8349e-05,-4.684e-05,-4.5318e-05,-4.3785e-05,-4.2242e-05,-4.0688e-05,-3.9126e-05,-3.7555e-05,-3.5977e-05,-3.4392e-05,-3.2799e-05,-3.12e-05,-2.9594e-05,-2.7981e-05,-2.6362e-05,-2.4735e-05,-2.31e-05,-2.1457e-05,-1.9804e-05,-1.8141e-05,-1.6467e-05,-1.4779e-05,-1.3077e-05,-1.1357e-05,-9.6181e-06,-7.8566e-06,-6.0693e-06,-4.2531e-06,-2.4023e-06,-5.1119e-07,1.4268e-06,3.4194e-06,5.4756e-06,7.606e-06,9.8232e-06,1.2142e-05,1.4578e-05,1.7152e-05,1.9885e-05,2.2801e-05,2.5926e-05,2.9287e-05,3.2912e-05,3.6828e-05,4.1054e-05,4.5606e-05,5.0485e-05,5.5677e-05,6.1142e-05,6.6817e-05,7.2599e-05,7.8354e-05,8.3906e-05,8.905e-05,9.3556e-05,9.7185e-05,9.9715e-05,0.00010096,0.00010078,9.9119e-05,9.5997e-05,9.1516e-05,8.6209e-05
-6.9479e-05,-7.1942e-05,-7.4058e-05,-7.563e-05,-7.6671e-05,-7.7225e-05,-7.7352e-05,-7.7118e-05,-7.6586e-05,-7.5817e-05,-7.4863e-05,-7.3767e-05,-7.2565e-05,-7.1284e-05,-6.9945e-05,-6.8562e-05,-6.7146e-05,-6.5704e-05,-6.4242e-05,-6.2761e-05,-6.1265e-05,-5.9754e-05,-5.823e-05,-5.6693e-05,-5.5145e-05,-5.3585e-05,-5.2015e-05,-5.0435e-05,-4.8846e-05,-4.725e-05,-4.5646e-05,-4.4035e-05,-4.2419e-05,-4.0797e-05,-3.9171e-05,-3.754e-05,-3.5906e-05,-3.4269e-05,-3.2627e-05,-3.0983e-05,-2.9335e-05,-2.7683e-05,-2.6027e-05,-2.4367e-05,-2.2701e-05,-2.1029e-05,-1.9349e-05,-1.7662e-05,-1.5964e-05,-1.4255e-05,-1.2532e-05,-1.0793e-05,-9.0345e-06,-7.2542e-06,-5.4481e-06,-3.6121e-06,-1.7394e-06,1.7664e-07,2.1438e-06,4.1714e-06,6.2707e-06,8.4549e-06,1.074e-05,1.3143e-05,1.5688e-05,1.8397e-05,2.13e-05,2.4427e-05,2.7812e-05,3.1492e-05,3.55e-05,3.9871e-05,4.4629e-05,4.9792e-05,5.5356e-05,6.1298e-05,6.7559e-05,7.4043e-05,8.0611e-05,8.7073e-05,9.3195e-05,9.8704e-05,0.00010331,0.00010673,0.0001087,0.00010903,0.00010762,0.00010446,9.9657e-05,9.3804e-05
-7.4685e-05,-7.7435e-05,-7.9751e-05,-8.1414e-05,-8.2448e-05,-8.2913e-05,-8.2888e-05,-8.2457e-05,-8.1701e-05,-8.0694e-05,-7.9497e-05,-7.8164e-05,-7.6733e-05,-7.5235e-05,-7.3692e-05,-7.2118e-05,-7.0524e-05,-6.8916e-05,-6.7299e-05,-6.5674e-05,-6.4043e-05,-6.2406e-05,-6.0763e-05,-5.9115e-05,-5.7461e-05,-5.5803e-05,-5.414e-05,-5.2472e-05,-5.0801e-05,-4.9127e-05,-4.745e-05,-4.5771e-05,-4.409e-05,-4.2408e-05,-4.0726e-05,-3.9043e-05,-3.736e-05,-3.5677e-05,-3.3994e-05,-3.2312e-05,-3.0629e-05,-2.8946e-05,-2.7261e-05,-2.5576e-05,-2.3888e-05,-2.2197e-05,-2.0503e-05,-1.8803e-05,-1.7096e-05,-1.5381e-05,-1.3655e-05,-1.1917e-05,-1.0163e-05,-8.3913e-06,-6.5967e-06,-4.7763e-06,-2.9234e-06,-1.031e-06,9.0883e-07,2.9057e-06,4.971e-06,7.1188e-06,9.3657e-06,1.1732e-05,1.424e-05,1.6918e-05,1.9799e-05,2.2917e-05,2.6314e-05,3.0033e-05,3.412e-05,3.8618e-05,4.3568e-05,4.9002e-05,5.4933e-05,6.1353e-05,6.8218e-05,7.5441e-05,8.2884e-05,9.0347e-05,9.7571e-05,0.00010424,0.00011001,0.00011451,0.00011741,0.00011844,0.00011742,0.00011432,0.00010922,0.0001028
-8.0531e-05,-8.3613e-05,-8.6148e-05,-8.7891e-05,-8.888e-05,-8.92e-05,-8.8956e-05,-8.8257e-05,-8.7206e-05,-8.5892e-05,-8.4393e-05,-8.2767e-05,-8.1059e-05,-7.9302e-05,-7.7519e-05,-7.5724e-05,-7.3927e-05,-7.2133e-05,-7.0343e-05,-6.8559e-05,-6.6781e-05,-6.5007e-05,-6.3237e-05,-6.1471e-05,-5.9707e-05,-5.7945e-05,-5.6186e-05,-5.4428e-05,-5.2672e-05,-5.0919e-05,-4.9168e-05,-4.742e-05,-4.5674e-05,-4.3933e-05,-4.2194e-05,-4.046e-05,-3.8729e-05,-3.7002e-05,-3.5279e-05,-3.356e-05,-3.1843e-05,-3.013e-05,-2.8419e-05,-2.6709e-05,-2.5001e-05,-2.3293e-05,-2.1584e-05,-1.9872e-05,-1.8157e-05,-1.6437e-05,-1.471e-05,-1.2974e-05,-1.1225e-05,-9.4617e-06,-7.6792e-06,-5.8739e-06,-4.0409e-06,-2.1721e-06,-2.5956e-07,1.7065e-06,3.7379e-06,5.8491e-06,8.0577e-06,1.0385e-05,1.2856e-05,1.5501e-05,1.8355e-05,2.146e-05,2.4862e-05,2.8612e-05,3.2767e-05,3.7382e-05,4.2512e-05,4.8207e-05,5.4498e-05,6.1398e-05,6.888e-05,7.6874e-05,8.5249e-05,9.3802e-05,0.00010226,0.00011025,0.00011739,0.0001232,0.00012727,0.00012922,0.00012878,0.00012586,0.00012053,0.00011352
-8.7156e-05,-9.0627e-05,-9.3398e-05,-9.5197e-05,-9.6084e-05,-9.6178e-05,-9.5622e-05,-9.4558e-05,-9.3117e-05,-9.1411e-05,-8.9531e-05,-8.7545e-05,-8.5503e-05,-8.344e-05,-8.1378e-05,-7.9329e-05,-7.7302e-05,-7.5299e-05,-7.332e-05,-7.1363e-05,-6.9426e-05,-6.7507e-05,-6.5604e-05,-6.3714e-05,-6.1836e-05,-5.9969e-05,-5.8111e-05,-5.6262e-05,-5.4422e-05,-5.259e-05,-5.0766e-05,-4.895e-05,-4.7142e-05,-4.5342e-05,-4.355e-05,-4.1766e-05,-3.9989e-05,-3.8221e-05,-3.6459e-05,-3.4705e-05,-3.2957e-05,-3.1216e-05,-2.948e-05,-2.7748e-05,-2.6021e-05,-2.4297e-05,-2.2575e-05,-2.0854e-05,-1.9132e-05,-1.7408e-05,-1.568e-05,-1.3946e-05,-1.2202e-05,-1.0447e-05,-8.6761e-06,-6.8852e-06,-5.0706e-06,-3.2237e-06,-1.3364e-06,6.013e-07,2.6016e-06,4.6793e-06,6.8529e-06,9.1446e-06,1.1582e-05,1.4196e-05,1.7028e-05,2.0121e-05,2.3529e-05,2.7311e-05,3.1531e-05,3.626e-05,4.1566e-05,4.7517e-05,5.4167e-05,6.1548e-05,6.966e-05,7.8454e-05,8.7814e-05,9.7544e-05,0.00010735,0.00011686,0.00012557,0.00013296,0.00013848,0.00014162,0.00014201,0.00013944,0.00013395,0.00012634
-9.4744e-05,-9.8673e-05,-0.00010169,-0.0001035,-0.0001042,-0.00010395,-0.00010295,-0.00010139,-9.9438e-05,-9.7231e-05,-9.4875e-05,-9.2449e-05,-9.0007e-05,-8.7583e-05,-8.5198e-05,-8.2862e-05,-8.0578e-05,-7.8345e-05,-7.616e-05,-7.4018e-05,-7.1915e-05,-6.9844e-05,-6.7804e-05,-6.5788e-05,-6.3796e-05,-6.1823e-05,-5.9868e-05,-5.7931e-05,-5.6008e-05,-5.4101e-05,-5.2207e-05,-5.0327e-05,-4.846e-05,-4.6605e-05,-4.4763e-05,-4.2933e-05,-4.1115e-05,-3.9308e-05,-3.7512e-05,-3.5726e-05,-3.395e-05,-3.2184e-05,-3.0425e-05,-2.8675e-05,-2.6931e-05,-2.5194e-05,-2.3461e-05,-2.1731e-05,-2.0004e-05,-1.8277e-05,-1.6548e-05,-1.4816e-05,-1.3078e-05,-1.1331e-05,-9.5702e-06,-7.7924e-06,-5.9929e-06,-4.165e-06,-2.2991e-06,-3.8515e-07,1.5894e-06,3.6401e-06,5.7859e-06,8.0504e-06,1.0462e-05,1.3056e-05,1.5874e-05,1.8966e-05,2.239e-05,2.6212e-05,3.0506e-05,3.5355e-05,4.0842e-05,4.7055e-05,5.4067e-05,6.1939e-05,7.0697e-05,8.032e-05,9.0717e-05,0.00010171,0.00011301,0.00012419,0.00013473,0.000144,0.0001513,0.00015597,0.00015748,0.0001555,0.00014997,0.00014175
-0.00010354,-0.00010802,-0.00011129,-0.00011303,-0.00011339,-0.00011263,-0.000111,-0.00010877,-0.00010615,-0.0001033,-0.00010036,-9.7399e-05,-9.4481e-05,-9.1638e-05,-8.8886e-05,-8.6228e-05,-8.3662e-05,-8.1182e-05,-7.8779e-05,-7.6444e-05,-7.4169e-05,-7.1946e-05,-6.9769e-05,-6.763e-05,-6.5526e-05,-6.3452e-05,-6.1406e-05,-5.9384e-05,-5.7386e-05,-5.5409e-05,-5.3452e-05,-5.1513e-05,-4.9593e-05,-4.769e-05,-4.5804e-05,-4.3934e-05,-4.2079e-05,-4.024e-05,-3.8414e-05,-3.6602e-05,-3.4802e-05,-3.3015e-05,-3.1238e-05,-2.9472e-05,-2.7715e-05,-2.5967e-05,-2.4225e-05,-2.2489e-05,-2.0758e-05,-1.9029e-05,-1.7302e-05,-1.5572e-05,-1.3839e-05,-1.2098e-05,-1.0347e-05,-8.5798e-06,-6.7922e-06,-4.9788e-06,-3.129e-06,-1.2323e-06,7.2438e-07,2.757e-06,4.8858e-06,7.135e-06,9.5351e-06,1.2123e-05,1.4944e-05,1.8052e-05,2.151e-05,2.5391e-05,2.9778e-05,3.4764e-05,4.045e-05,4.694e-05,5.4332e-05,6.2712e-05,7.2139e-05,8.2625e-05,9.4115e-05,0.00010646,0.00011937,0.00013244,0.00014508,0.00015655,0.00016602,0.00017265,0.00017568,0.00017459,0.00016919,0.00016038
-0.00011389,-0.00011902,-0.00012252,-0.00012405,-0.00012387,-0.00012234,-0.00011984,-0.0001167,-0.0001132,-0.00010955,-0.00010588,-0.00010228,-9.8802e-05,-9.548e-05,-9.2317e-05,-8.9307e-05,-8.644e-05,-8.3701e-05,-8.1074e-05,-7.8546e-05,-7.6102e-05,-7.3731e-05,-7.1423e-05,-6.9169e-05,-6.6963e-05,-6.4797e-05,-6.2669e-05,-6.0573e-05,-5.8509e-05,-5.6472e-05,-5.4461e-05,-5.2474e-05,-5.051e-05,-4.8567e-05,-4.6645e-05,-4.4743e-05,-4.286e-05,-4.0994e-05,-3.9145e-05,-3.7313e-05,-3.5495e-05,-3.3692e-05,-3.1902e-05,-3.0125e-05,-2.8359e-05,-2.6603e-05,-2.4856e-05,-2.3117e-05,-2.1384e-05,-1.9655e-05,-1.7929e-05,-1.6203e-05,-1.4474e-05,-1.2739e-05,-1.0995e-05,-9.236e-06,-7.4571e-06,-5.6528e-06,-3.8127e-06,-1.9254e-06,2.271e-08,2.0486e-06,4.1732e-06,6.4227e-06,8.829e-06,1.1432e-05,1.4278e-05,1.7426e-05,2.0942e-05,2.4909e-05,2.9417e-05,3.457e-05,4.0482e-05,4.7277e-05,5.5078e-05,6.3995e-05,7.4124e-05,8.5518e-05,9.8163e-05,0.00011195,0.00012663,0.00014179,0.00015681,0.00017089,0.00018302,0.00019213,0.00019719,0.00019741,0.00019239,0.00018301
-0.00012628,-0.00013219,-0.00013585,-0.00013693,-0.00013586,-0.0001332,-0.00012947,-0.00012512,-0.00012049,-0.00011582,-0.00011127,-0.00010691,-0.0001028,-9.8946e-05,-9.5337e-05,-9.1954e-05,-8.8776e-05,-8.5776e-05,-8.293e-05,-8.0217e-05,-7.7616e-05,-7.511e-05,-7.2686e-05,-7.0332e-05,-6.8039e-05,-6.5798e-05,-6.3603e-05,-6.145e-05,-5.9333e-05,-5.7251e-05,-5.5199e-05,-5.3176e-05,-5.118e-05,-4.9209e-05,-4.7262e-05,-4.5337e-05,-4.3434e-05,-4.1552e-05,-3.9688e-05,-3.7843e-05,-3.6014e-05,-3.4202e-05,-3.2405e-05,-3.0622e-05,-2.8852e-05,-2.7093e-05,-2.5345e-05,-2.3605e-05,-2.1873e-05,-2.0146e-05,-1.8423e-05,-1.67e-05,-1.4976e-05,-1.3247e-05,-1.1508e-05,-9.7549e-06,-7.9813e-06,-6.1802e-06,-4.3434e-06,-2.4575e-06,-5.0801e-07,1.5229e-06,3.6577e-06,5.9238e-06,8.3554e-06,1.0994e-05,1.3891e-05,1.7108e-05,2.0716e-05,2.4804e-05,2.947e-05,3.483e-05,4.1009e-05,4.8147e-05,5.6391e-05,6.5886e-05,7.6757e-05,8.9115e-05,0.00010299,0.00011832,0.00013492,0.0001524,0.00017016,0.0001873,0.00020267,0.00021494,0.00022273,0.00022485,0.00022057,0.0002107
-0.00014143,-0.00014826,-0.0001519,-0.00015212,-0.00014964,-0.0001453,-0.00013986,-0.00013389,-0.00012782,-0.00012191,-0.00011631,-0.00011109,-0.00010627,-0.00010183,-9.7756e-05,-9.3998e-05,-9.0515e-05,-8.7267e-05,-8.4221e-05,-8.1346e-05,-7.861e-05,-7.5995e-05,-7.348e-05,-7.1051e-05,-6.8693e-05,-6.6399e-05,-6.4159e-05,-6.1967e-05,-5.9818e-05,-5.7708e-05,-5.5633e-05,-5.359e-05,-5.1577e-05,-4.9592e-05,-4.7633e-05,-4.5699e-05,-4.3788e-05,-4.1899e-05,-4.003e-05,-3.8181e-05,-3.635e-05,-3.4537e-05,-3.2739e-05,-3.0957e-05,-2.9188e-05,-2.7431e-05,-2.5686e-05,-2.395e-05,-2.2221e-05,-2.0499e-05,-1.8781e-05,-1.7063e-05,-1.5344e-05,-1.362e-05,-1.1885e-05,-1.0135e-05,-8.3631e-06,-6.5613e-06,-4.7212e-06,-2.8286e-06,-8.6805e-07,1.1797e-06,3.3385e-06,5.6377e-06,8.1138e-06,1.0811e-05,1.3784e-05,1.7097e-05,2.0829e-05,2.5073e-05,2.9936e-05,3.5543e-05,4.2034e-05,4.9567e-05,5.8309e-05,6.8434e-05,8.0106e-05,9.3473e-05,0.00010864,0.00012563,0.00014432,0.00016439,0.00018527,0.00020603,0.00022538,0.0002417,0.00025317,0.00025806,0.00025511,0.00024486
-0.00016045,-0.00016832,-0.00017155,-0.00017018,-0.00016546,-0.00015867,-0.00015087,-0.00014278,-0.0001349,-0.00012749,-0.00012068,-0.0001145,-0.00010892,-0.0001039,-9.9359e-05,-9.5247e-05,-9.1489e-05,-8.8032e-05,-8.4824e-05,-8.1823e-05,-7.8991e-05,-7.6302e-05,-7.3731e-05,-7.1258e-05,-6.8869e-05,-6.6551e-05,-6.4294e-05,-6.209e-05,-5.9933e-05,-5.7818e-05,-5.574e-05,-5.3697e-05,-5.1686e-05,-4.9703e-05,-4.7748e-05,-4.5818e-05,-4.3912e-05,-4.2029e-05,-4.0166e-05,-3.8323e-05,-3.6499e-05,-3.4693e-05,-3.2902e-05,-3.1127e-05,-2.9366e-05,-2.7617e-05,-2.5879e-05,-2.4151e-05,-2.2431e-05,-2.0716e-05,-1.9005e-05,-1.7294e-05,-1.5581e-05,-1.3861e-05,-1.2129e-05,-1.0381e-05,-8.608e-06,-6.8019e-06,-4.9531e-06,-3.0471e-06,-1.0671e-06,1.0077e-06,3.2028e-06,5.5497e-06,8.0871e-06,1.0862e-05,1.3933e-05,1.7369e-05,2.1253e-05,2.5684e-05,3.0777e-05,3.6669e-05,4.3512e-05,5.1481e-05,6.0765e-05,7.1569e-05,8.41e-05,9.8558e-05,0.00011511,0.00013386,0.00015481,0.00017773,0.00020217,0.00022721,0.00025147,0.00027304,0.00028956,0.00029853,0.00029786,0.00028751
-0.00018513,-0.00019403,-0.000196,-0.00019177,-0.00018352,-0.00017317,-0.00016215,-0.00015135,-0.00014127,-0.00013213,-0.00012398,-0.00011678,-0.00011045,-0.00010487,-9.9919e-05,-9.5508e-05,-9.1537e-05,-8.7928e-05,-8.4616e-05,-8.1546e-05,-7.8672e-05,-7.5959e-05,-7.3379e-05,-7.0907e-05,-6.8526e-05,-6.6222e-05,-6.3982e-05,-6.1797e-05,-5.9661e-05,-5.7568e-05,-5.5513e-05,-5.3491e-05,-5.1501e-05,-4.954e-05,-4.7605e-05,-4.5695e-05,-4.3808e-05,-4.1943e-05,-4.0098e-05,-3.8273e-05,-3.6465e-05,-3.4674e-05,-3.2899e-05,-3.1139e-05,-2.9392e-05,-2.7656e-05,-2.5932e-05,-2.4216e-05,-2.2507e-05,-2.0803e-05,-1.9101e-05,-1.7399e-05,-1.5693e-05,-1.3979e-05,-1.2251e-05,-1.0503e-05,-8.7279e-06,-6.915e-06,-5.054e-06,-3.1297e-06,-1.1242e-06,9.8503e-07,3.2253e-06,5.6303e-06,8.2415e-06,1.1109e-05,1.4294e-05,1.787e-05,2.1926e-05,2.6567e-05,3.1915e-05,3.8117e-05,4.5338e-05,5.3769e-05,6.3624e-05,7.5138e-05,8.8561e-05,0.00010415,0.00012215,0.00014278,0.00016614,0.0001922,0.00022064,0.00025073,0.00028106,0.0003095,0.00033306,0.0003482,0.00035145,0.00034163
-0.00021848,-0.00022796,-0.00022689,-0.00021759,-0.0002038,-0.00018836,-0.00017308,-0.00015891,-0.00014626,-0.00013522,-0.0001257,-0.00011752,-0.00011051,-0.00010446,-9.9201e-05,-9.459e-05,-9.0502e-05,-8.6834e-05,-8.3503e-05,-8.0441e-05,-7.7596e-05,-7.4924e-05,-7.2393e-05,-6.9975e-05,-6.7651e-05,-6.5403e-05,-6.3219e-05,-6.109e-05,-5.9006e-05,-5.6964e-05,-5.4956e-05,-5.298e-05,-5.1033e-05,-4.9112e-05,-4.7216e-05,-4.5341e-05,-4.3488e-05,-4.1654e-05,-3.9839e-05,-3.8041e-05,-3.626e-05,-3.4494e-05,-3.2742e-05,-3.1003e-05,-2.9276e-05,-2.7561e-05,-2.5854e-05,-2.4155e-05,-2.2462e-05,-2.0772e-05,-1.9084e-05,-1.7393e-05,-1.5696e-05,-1.3989e-05,-1.2265e-05,-1.0519e-05,-8.7403e-06,-6.9201e-06,-5.0455e-06,-3.1012e-06,-1.0675e-06,1.0794e-06,3.3688e-06,5.8367e-06,8.527e-06,1.1493e-05,1.4799e-05,1.8522e-05,2.2757e-05,2.7614e-05,3.3223e-05,3.974e-05,4.7342e-05,5.6236e-05,6.666e-05,7.8877e-05,9.3184e-05,0.0001099,0.00012936,0.00015189,0.00017778,0.0002072,0.00024011,0.00027604,0.00031383,0.00035127,0.00038481,0.0004095,0.00041967,0.00041184
-0.00026587,-0.00027416,-0.00026628,-0.00024806,-0.00022574,-0.00020322,-0.00018251,-0.00016438,-0.00014896,-0.00013602,-0.00012524,-0.00011625,-0.00010873,-0.0001024,-9.6997e-05,-9.2344e-05,-8.8278e-05,-8.4674e-05,-8.1433e-05,-7.8478e-05,-7.5747e-05,-7.3192e-05,-7.0777e-05,-6.8472e-05,-6.6257e-05,-6.4112e-05,-6.2027e-05,-5.9989e-05,-5.7991e-05,-5.6028e-05,-5.4095e-05,-5.2189e-05,-5.0305e-05,-4.8444e-05,-4.6602e-05,-4.4778e-05,-4.2972e-05,-4.1182e-05,-3.9408e-05,-3.7648e-05,-3.5902e-05,-3.4168e-05,-3.2447e-05,-3.0737e-05,-2.9037e-05,-2.7346e-05,-2.5663e-05,-2.3985e-05,-2.2312e-05,-2.064e-05,-1.8968e-05,-1.7291e-05,-1.5606e-05,-1.3908e-05,-1.2191e-05,-1.0447e-05,-8.6682e-06,-6.8422e-06,-4.9557e-06,-2.9929e-06,-9.328e-07,1.2499e-06,3.5862e-06,6.1142e-06,8.8799e-06,1.1939e-05,1.536e-05,1.9223e-05,2.3626e-05,2.8685e-05,3.4538e-05,4.1345e-05,4.9298e-05,5.8618e-05,6.9561e-05,8.2422e-05,9.7541e-05,0.0001153,0.00013612,0.00016048,0.00018886,0.00022171,0.00025939,0.0003019,0.00034864,0.00039777,0.00044547,0.00048526,0.00050808,0.00050575
-0.00033727,-0.00033887,-0.00031631,-0.00028269,-0.00024764,-0.00021575,-0.00018863,-0.00016628,-0.0001482,-0.00013366,-0.00012197,-0.00011252,-0.00010482,-9.8475e-05,-9.3179e-05,-8.8692e-05,-8.4826e-05,-8.1438e-05,-7.8418e-05,-7.568e-05,-7.3158e-05,-7.0803e-05,-6.8575e-05,-6.6446e-05,-6.4393e-05,-6.2399e-05,-6.0452e-05,-5.8542e-05,-5.6662e-05,-5.4807e-05,-5.2972e-05,-5.1156e-05,-4.9356e-05,-4.7571e-05,-4.5799e-05,-4.404e-05,-4.2293e-05,-4.0558e-05,-3.8833e-05,-3.712e-05,-3.5417e-05,-3.3724e-05,-3.204e-05,-3.0364e-05,-2.8696e-05,-2.7035e-05,-2.5379e-05,-2.3727e-05,-2.2077e-05,-2.0427e-05,-1.8774e-05,-1.7115e-05,-1.5445e-05,-1.3759e-05,-1.2052e-05,-1.0315e-05,-8.5381e-06,-6.7105e-06,-4.8171e-06,-2.8413e-06,-7.6139e-07,1.4492e-06,3.8231e-06,6.3996e-06,9.2268e-06,1.2363e-05,1.5877e-05,1.9854e-05,2.4394e-05,2.9617e-05,3.5665e-05,4.2706e-05,5.0939e-05,6.0596e-05,7.1952e-05,8.5327e-05,0.0001011,0.0001197,0.00014167,0.00016759,0.00019818,0.00023424,0.00027661,0.00032608,0.00038303,0.00044678,0.00051427,0.00057809,0.00062455,0.00063636
-0.00045209,-0.00043095,-0.00037766,-0.00031842,-0.00026558,-0.00022248,-0.0001887,-0.00016265,-0.00014266,-0.00012727,-0.00011534,-0.00010599,-9.858e-05,-9.2614e-05,-8.7731e-05,-8.3661e-05,-8.0202e-05,-7.72e-05,-7.454e-05,-7.2136e-05,-6.9921e-05,-6.7847e-05,-6.5876e-05,-6.3981e-05,-6.2141e-05,-6.034e-05,-5.8569e-05,-5.6818e-05,-5.5083e-05,-5.3359e-05,-5.1644e-05,-4.9936e-05,-4.8235e-05,-4.654e-05,-4.485e-05,-4.3166e-05,-4.1488e-05,-3.9816e-05,-3.8149e-05,-3.6489e-05,-3.4835e-05,-3.3188e-05,-3.1545e-05,-2.9909e-05,-2.8277e-05,-2.665e-05,-2.5025e-05,-2.3402e-05,-2.1779e-05,-2.0154e-05,-1.8524e-05,-1.6886e-05,-1.5235e-05,-1.3566e-05,-1.1872e-05,-1.0147e-05,-8.3787e-06,-6.5562e-06,-4.6641e-06,-2.6852e-06,-5.9717e-07,1.6273e-06,4.0215e-06,6.6259e-06,9.4896e-06,1.2671e-05,1.6243e-05,2.0289e-05,2.4912e-05,3.0234e-05,3.6399e-05,4.3578e-05,5.1975e-05,6.183e-05,7.3428e-05,8.7106e-05,0.00010327,0.0001224,0.0001451,0.0001721,0.00020431,0.00024288,0.00028925,0.00034519,0.00041265,0.0004933,0.00058697,0.0006881,0.00077922,0.0008265
-0.00064842,-0.00055946,-0.00044485,-0.0003465,-0.00027196,-0.00021793,-0.00017921,-0.00015135,-0.00013111,-0.0001162,-0.00010505,-9.6583e-05,-9.0047e-05,-8.4909e-05,-8.0787e-05,-7.7407e-05,-7.4567e-05,-7.2121e-05,-6.9958e-05,-6.7997e-05,-6.6179e-05,-6.446e-05,-6.2806e-05,-6.1195e-05,-5.9609e-05,-5.8037e-05,-5.647e-05,-5.4903e-05,-5.3333e-05,-5.1758e-05,-5.0177e-05,-4.8591e-05,-4.6999e-05,-4.5403e-05,-4.3804e-05,-4.2202e-05,-4.0599e-05,-3.8995e-05,-3.7392e-05,-3.5789e-05,-3.4189e-05,-3.259e-05,-3.0993e-05,-2.9399e-05,-2.7807e-05,-2.6216e-05,-2.4625e-05,-2.3034e-05,-2.1441e-05,-1.9844e-05,-1.824e-05,-1.6626e-05,-1.4998e-05,-1.3351e-05,-1.1677e-05,-9.9694e-06,-8.2177e-06,-6.4098e-06,-4.5304e-06,-2.5623e-06,-4.8285e-07,1.7353e-06,4.1254e-06,6.7282e-06,9.5925e-06,1.2777e-05,1.6354e-05,2.0406e-05,2.5037e-05,3.0367e-05,3.6541e-05,4.3728e-05,5.2131e-05,6.1993e-05,7.3598e-05,8.7292e-05,0.00010349,0.0001227,0.00014557,0.0001729,0.00020576,0.00024558,0.00029435,0.00035487,0.00043106,0.00052824,0.00065254,0.00080732,0.00098046,0.001116
-0.00099464,-0.00071873,-0.00049467,-0.00034756,-0.00025467,-0.0001955,-0.00015687,-0.00013093,-0.00011305,-0.00010041,-9.1297e-05,-8.4589e-05,-7.9555e-05,-7.5698e-05,-7.2672e-05,-7.0232e-05,-6.8204e-05,-6.6459e-05,-6.4907e-05,-6.3479e-05,-6.2128e-05,-6.0818e-05,-5.9526e-05,-5.8233e-05,-5.693e-05,-5.5608e-05,-5.4263e-05,-5.2894e-05,-5.1501e-05,-5.0084e-05,-4.8645e-05,-4.7186e-05,-4.5709e-05,-4.4217e-05,-4.2711e-05,-4.1195e-05,-3.9669e-05,-3.8136e-05,-3.6598e-05,-3.5055e-05,-3.3509e-05,-3.1961e-05,-3.0412e-05,-2.8861e-05,-2.7309e-05,-2.5757e-05,-2.4202e-05,-2.2645e-05,-2.1085e-05,-1.9518e-05,-1.7944e-05,-1.6358e-05,-1.4757e-05,-1.3136e-05,-1.1488e-05,-9.8061e-06,-8.0801e-06,-6.298e-06,-4.4454e-06,-2.5049e-06,-4.5459e-07,1.7322e-06,4.0881e-06,6.6525e-06,9.4733e-06,1.2608e-05,1.6125e-05,2.0108e-05,2.4654e-05,2.9883e-05,3.5933e-05,4.297e-05,5.119e-05,6.0829e-05,7.2164e-05,8.5532e-05,0.00010134,0.00012009,0.00014241,0.00016913,0.00020134,0.00024061,0.00028919,0.0003506,0.00043049,0.00053826,0.00068955,0.00090813,0.0012169,0.0015688
-0.001551,-0.00083596,-0.0004733,-0.0002973,-0.00020566,-0.00015415,-0.00012323,-0.00010365,-9.0738e-05,-8.1963e-05,-7.5859e-05,-7.153e-05,-6.8403e-05,-6.6097e-05,-6.4348e-05,-6.2971e-05,-6.1837e-05,-6.0851e-05,-5.9946e-05,-5.9074e-05,-5.8203e-05,-5.731e-05,-5.6381e-05,-5.5405e-05,-5.4379e-05,-5.3301e-05,-5.2173e-05,-5.0994e-05,-4.977e-05,-4.8504e-05,-4.7199e-05,-4.586e-05,-4.4492e-05,-4.3096e-05,-4.1679e-05,-4.0242e-05,-3.8788e-05,-3.7322e-05,-3.5844e-05,-3.4357e-05,-3.2862e-05,-3.1362e-05,-2.9857e-05,-2.8348e-05,-2.6835e-05,-2.5319e-05,-2.3799e-05,-2.2275e-05,-2.0746e-05,-1.9211e-05,-1.7666e-05,-1.611e-05,-1.4539e-05,-1.2947e-05,-1.133e-05,-9.6794e-06,-7.9865e-06,-6.24e-06,-4.4262e-06,-2.5283e-06,-5.2585e-07,1.6067e-06,3.9002e-06,6.3922e-06,9.128e-06,1.2162e-05,1.5561e-05,1.9401e-05,2.3779e-05,2.8803e-05,3.4608e-05,4.1351e-05,4.9216e-05,5.8425e-05,6.9239e-05,8.1973e-05,9.7005e-05,0.0001148,0.00013594,0.00016117,0.0001915,0.00022834,0.00027383,0.00033138,0.00040702,0.00051224,0.00067078,0.0009336,0.0014049,0.0022177
