1.3086e-17,-4.7311e-09,-4.9643e-08,-1.3679e-07,-2.5998e-07,-4.1086e-07,-5.8116e-07,-7.6343e-07,-9.5131e-07,-1.1395e-06,-1.3235e-06,-1.4998e-06,-1.6655e-06,-1.8183e-06,-1.9564e-06,-2.0783e-06,-2.1831e-06,-2.2698e-06,-2.3378e-06,-2.3867e-06,-2.4162e-06,-2.426e-06,-2.416e-06,-2.386e-06,-2.3361e-06,-2.2661e-06,-2.1761e-06,-2.0661e-06,-1.9362e-06,-1.7864e-06,-1.6171e-06,-1.4282e-06,-1.2203e-06,-9.9347e-07,-7.4831e-07,-4.8535e-07,-2.0522e-07,9.1275e-08,4.0324e-07,7.2963e-07,1.0692e-06,1.4207e-06,1.7826e-06,2.1532e-06,2.5307e-06,2.9132e-06,3.2986e-06,3.6847e-06,4.0692e-06,4.4497e-06,4.8237e-06,5.1887e-06,5.5421e-06,5.8816e-06,6.2045e-06,6.5084e-06,6.7911e-06,7.0502e-06,7.2839e-06,7.4903e-06,7.6677e-06,7.8148e-06,7.9305e-06,8.0142e-06,8.0653e-06,8.0839e-06,8.0701e-06,8.0246e-06,7.9486e-06,7.8432e-06,7.7104e-06,7.5523e-06,7.3713e-06,7.1703e-06,6.9525e-06,6.7213e-06,6.4804e-06,6.2341e-06,5.9864e-06,5.7421e-06,5.5058e-06,5.2826e-06,5.0776e-06,4.896e-06,4.7431e-06,4.6236e-06,4.5414e-06,4.4983e-06,4.4912e-06,4.507e-06
4.7405e-09,5.6442e-12,-4.1951e-08,-1.2013e-07,-2.2922e-07,-3.6266e-07,-5.1376e-07,-6.7627e-07,-8.4466e-07,-1.0141e-06,-1.1806e-06,-1.3408e-06,-1.4919e-06,-1.6316e-06,-1.7582e-06,-1.8702e-06,-1.9664e-06,-2.0461e-06,-2.1084e-06,-2.153e-06,-2.1793e-06,-2.1872e-06,-2.1764e-06,-2.1468e-06,-2.0982e-06,-2.0306e-06,-1.9441e-06,-1.8385e-06,-1.7141e-06,-1.5708e-06,-1.4088e-06,-1.2283e-06,-1.0297e-06,-8.1322e-07,-5.7934e-07,-3.2858e-07,-6.1601e-08,2.2085e-07,5.1789e-07,8.2852e-07,1.1516e-06,1.4858e-06,1.8297e-06,2.1817e-06,2.5402e-06,2.9032e-06,3.2689e-06,3.635e-06,3.9994e-06,4.36e-06,4.7142e-06,5.0599e-06,5.3945e-06,5.7157e-06,6.0213e-06,6.3088e-06,6.5762e-06,6.8215e-06,7.0426e-06,7.238e-06,7.4061e-06,7.5457e-06,7.6559e-06,7.7359e-06,7.7855e-06,7.8045e-06,7.7933e-06,7.7525e-06,7.6831e-06,7.5865e-06,7.4645e-06,7.3189e-06,7.1522e-06,6.9672e-06,6.7667e-06,6.554e-06,6.3328e-06,6.1067e-06,5.8798e-06,5.6563e-06,5.4406e-06,5.2372e-06,5.0506e-06,4.8855e-06,4.7461e-06,4.6365e-06,4.5597e-06,4.5169e-06,4.5069e-06,4.5228e-06
4.982e-08,4.1974e-08,-2.2824e-10,-7.387e-08,-1.7388e-07,-2.9477e-07,-4.3107e-07,-5.7757e-07,-7.2953e-07,-8.8278e-07,-1.0337e-06,-1.1792e-06,-1.3168e-06,-1.4443e-06,-1.5599e-06,-1.6623e-06,-1.7503e-06,-1.823e-06,-1.8798e-06,-1.9201e-06,-1.9434e-06,-1.9494e-06,-1.9379e-06,-1.9087e-06,-1.8617e-06,-1.7968e-06,-1.7139e-06,-1.6131e-06,-1.4943e-06,-1.3578e-06,-1.2035e-06,-1.0318e-06,-8.428e-07,-6.3694e-07,-4.1461e-07,-1.7632e-07,7.73e-08,3.4554e-07,6.2755e-07,9.2237e-07,1.2289e-06,1.5459e-06,1.8721e-06,2.2058e-06,2.5456e-06,2.8896e-06,3.236e-06,3.5828e-06,3.9279e-06,4.2692e-06,4.6045e-06,4.9316e-06,5.2482e-06,5.5522e-06,5.8412e-06,6.1133e-06,6.3662e-06,6.5982e-06,6.8075e-06,6.9925e-06,7.1519e-06,7.2844e-06,7.3892e-06,7.4657e-06,7.5136e-06,7.5329e-06,7.5238e-06,7.4871e-06,7.4238e-06,7.3351e-06,7.2226e-06,7.0883e-06,6.9345e-06,6.7638e-06,6.5789e-06,6.3828e-06,6.1791e-06,5.9711e-06,5.7625e-06,5.5573e-06,5.3594e-06,5.173e-06,5.0019e-06,4.8503e-06,4.722e-06,4.6202e-06,4.5477e-06,4.5063e-06,4.4967e-06,4.5159e-06
1.3775e-07,1.2052e-07,7.2939e-08,-1.315e-09,-9.7629e-08,-2.1136e-07,-3.3795e-07,-4.7308e-07,-6.1273e-07,-7.5332e-07,-8.9169e-07,-1.0251e-06,-1.1513e-06,-1.2682e-06,-1.3743e-06,-1.4683e-06,-1.549e-06,-1.6156e-06,-1.6674e-06,-1.7038e-06,-1.7244e-06,-1.7289e-06,-1.7169e-06,-1.6883e-06,-1.643e-06,-1.5807e-06,-1.5016e-06,-1.4054e-06,-1.2924e-06,-1.1624e-06,-1.0157e-06,-8.5247e-07,-6.7288e-07,-4.7727e-07,-2.6603e-07,-3.9658e-08,2.0127e-07,4.5607e-07,7.2395e-07,1.004e-06,1.2951e-06,1.5962e-06,1.906e-06,2.223e-06,2.5457e-06,2.8724e-06,3.2014e-06,3.5308e-06,3.8585e-06,4.1826e-06,4.5011e-06,4.8117e-06,5.1124e-06,5.4011e-06,5.6757e-06,5.9341e-06,6.1744e-06,6.3949e-06,6.5938e-06,6.7698e-06,6.9214e-06,7.0476e-06,7.1477e-06,7.221e-06,7.2673e-06,7.2866e-06,7.2792e-06,7.2457e-06,7.1872e-06,7.1049e-06,7.0002e-06,6.8752e-06,6.732e-06,6.5729e-06,6.4007e-06,6.2182e-06,6.0286e-06,5.8351e-06,5.6412e-06,5.4505e-06,5.2666e-06,5.0931e-06,4.9338e-06,4.7921e-06,4.6714e-06,4.5748e-06,4.505e-06,4.464e-06,4.454e-06,4.4737e-06
2.6293e-07,2.308e-07,1.7286e-07,9.3307e-08,-3.9625e-09,-1.1511e-07,-2.3638e-07,-3.6419e-07,-4.9521e-07,-6.2641e-07,-7.5508e-07,-8.7885e-07,-9.9569e-07,-1.1039e-06,-1.2019e-06,-1.2887e-06,-1.3631e-06,-1.4243e-06,-1.4718e-06,-1.5049e-06,-1.5233e-06,-1.5265e-06,-1.5143e-06,-1.4865e-06,-1.443e-06,-1.3835e-06,-1.3081e-06,-1.2167e-06,-1.1092e-06,-9.858e-07,-8.465e-07,-6.9147e-07,-5.2093e-07,-3.3516e-07,-1.3453e-07,8.0525e-08,3.0946e-07,5.5162e-07,8.0627e-07,1.0725e-06,1.3495e-06,1.6359e-06,1.9307e-06,2.2324e-06,2.5397e-06,2.8509e-06,3.1642e-06,3.478e-06,3.7904e-06,4.0994e-06,4.403e-06,4.6992e-06,4.9861e-06,5.2615e-06,5.5234e-06,5.7701e-06,5.9995e-06,6.2101e-06,6.4001e-06,6.5683e-06,6.7133e-06,6.8341e-06,6.9301e-06,7.0005e-06,7.0453e-06,7.0644e-06,7.0581e-06,7.0271e-06,6.9724e-06,6.895e-06,6.7966e-06,6.6789e-06,6.5439e-06,6.3941e-06,6.2318e-06,6.06e-06,5.8814e-06,5.6992e-06,5.5165e-06,5.3367e-06,5.1632e-06,4.9991e-06,4.848e-06,4.7129e-06,4.5968e-06,4.5027e-06,4.4332e-06,4.3907e-06,4.3774e-06,4.3932e-06
4.1764e-07,3.6667e-07,2.944e-07,2.0564e-07,1.0355e-07,-8.8066e-09,-1.2842e-07,-2.5237e-07,-3.7794e-07,-5.0262e-07,-6.2414e-07,-7.4051e-07,-8.4998e-07,-9.5107e-07,-1.0425e-06,-1.1232e-06,-1.1923e-06,-1.2491e-06,-1.2929e-06,-1.3233e-06,-1.3399e-06,-1.3423e-06,-1.3302e-06,-1.3035e-06,-1.262e-06,-1.2054e-06,-1.1338e-06,-1.0471e-06,-9.4523e-07,-8.2822e-07,-6.9615e-07,-5.4913e-07,-3.8734e-07,-2.1103e-07,-2.0524e-08,1.8377e-07,4.0137e-07,6.3166e-07,8.7396e-07,1.1275e-06,1.3912e-06,1.6643e-06,1.9454e-06,2.2333e-06,2.5266e-06,2.8238e-06,3.1233e-06,3.4234e-06,3.7221e-06,4.0178e-06,4.3085e-06,4.5923e-06,4.8672e-06,5.1312e-06,5.3824e-06,5.619e-06,5.8393e-06,6.0414e-06,6.224e-06,6.3856e-06,6.525e-06,6.6413e-06,6.7337e-06,6.8016e-06,6.845e-06,6.8638e-06,6.8582e-06,6.829e-06,6.777e-06,6.7035e-06,6.6097e-06,6.4975e-06,6.3689e-06,6.2261e-06,6.0714e-06,5.9075e-06,5.7371e-06,5.5631e-06,5.3886e-06,5.2166e-06,5.0501e-06,4.8923e-06,4.7461e-06,4.6146e-06,4.5003e-06,4.4061e-06,4.3345e-06,4.2877e-06,4.2682e-06,4.2761e-06
5.9411e-07,5.2178e-07,4.3225e-07,3.3125e-07,2.2125e-07,1.0458e-07,-1.6398e-08,-1.394e-07,-2.6223e-07,-3.8289e-07,-4.9953e-07,-6.1051e-07,-7.144e-07,-8.0997e-07,-8.9613e-07,-9.7201e-07,-1.0368e-06,-1.09e-06,-1.1309e-06,-1.1592e-06,-1.1745e-06,-1.1765e-06,-1.1649e-06,-1.1395e-06,-1.1002e-06,-1.0467e-06,-9.7909e-07,-8.9713e-07,-8.0083e-07,-6.9017e-07,-5.6519e-07,-4.2598e-07,-2.7266e-07,-1.0546e-07,7.5352e-08,2.6942e-07,4.763e-07,6.9545e-07,9.2622e-07,1.1679e-06,1.4196e-06,1.6803e-06,1.9489e-06,2.2244e-06,2.5052e-06,2.79e-06,3.0772e-06,3.3652e-06,3.6521e-06,3.9363e-06,4.2159e-06,4.489e-06,4.7537e-06,5.0081e-06,5.2503e-06,5.4786e-06,5.6912e-06,5.8864e-06,6.0628e-06,6.219e-06,6.3538e-06,6.4663e-06,6.5558e-06,6.6217e-06,6.6639e-06,6.6822e-06,6.6771e-06,6.6491e-06,6.5991e-06,6.5282e-06,6.4379e-06,6.3297e-06,6.2056e-06,6.0677e-06,5.9183e-06,5.76e-06,5.5952e-06,5.4269e-06,5.2577e-06,5.0905e-06,4.9282e-06,4.7737e-06,4.6297e-06,4.4989e-06,4.3839e-06,4.2871e-06,4.2108e-06,4.1573e-06,4.1286e-06,4.1255e-06
7.8519e-07,6.9003e-07,5.8126e-07,4.6576e-07,3.4543e-07,2.2198e-07,9.7168e-08,-2.7275e-08,-1.4967e-07,-2.6846e-07,-3.822e-07,-4.896e-07,-5.8954e-07,-6.8103e-07,-7.6321e-07,-8.3537e-07,-8.9689e-07,-9.4727e-07,-9.8606e-07,-1.0129e-06,-1.0275e-06,-1.0295e-06,-1.0188e-06,-9.9506e-07,-9.5821e-07,-9.0806e-07,-8.4449e-07,-7.6739e-07,-6.7668e-07,-5.7234e-07,-4.5436e-07,-3.2278e-07,-1.777e-07,-1.9283e-08,1.5224e-07,3.3657e-07,5.3331e-07,7.4198e-07,9.62e-07,1.1927e-06,1.4332e-06,1.6827e-06,1.9401e-06,2.2043e-06,2.474e-06,2.7478e-06,3.0243e-06,3.3017e-06,3.5784e-06,3.8528e-06,4.1229e-06,4.3871e-06,4.6433e-06,4.8898e-06,5.1247e-06,5.3462e-06,5.5526e-06,5.7423e-06,5.9138e-06,6.0658e-06,6.1971e-06,6.3067e-06,6.3939e-06,6.4582e-06,6.4993e-06,6.5173e-06,6.5124e-06,6.4852e-06,6.4365e-06,6.3674e-06,6.2793e-06,6.1738e-06,6.0526e-06,5.9179e-06,5.7719e-06,5.617e-06,5.4556e-06,5.2904e-06,5.124e-06,4.9591e-06,4.7984e-06,4.6445e-06,4.5001e-06,4.3676e-06,4.2493e-06,4.1475e-06,4.0644e-06,4.0018e-06,3.9618e-06,3.9454e-06
9.8451e-07,8.6576e-07,7.3649e-07,6.0488e-07,4.7242e-07,3.4027e-07,2.0964e-07,8.1787e-08,-4.2085e-08,-1.6083e-07,-2.7339e-07,-3.7881e-07,-4.7625e-07,-5.6499e-07,-6.4438e-07,-7.139e-07,-7.7307e-07,-8.2152e-07,-8.589e-07,-8.8493e-07,-8.9935e-07,-9.0193e-07,-8.9248e-07,-8.7081e-07,-8.3674e-07,-7.9012e-07,-7.3081e-07,-6.5868e-07,-5.7364e-07,-4.7561e-07,-3.6456e-07,-2.4048e-07,-1.0343e-07,4.648e-08,2.0908e-07,3.8411e-07,5.7125e-07,7.7007e-07,9.8006e-07,1.2006e-06,1.4309e-06,1.6701e-06,1.9174e-06,2.1715e-06,2.4314e-06,2.6955e-06,2.9626e-06,3.231e-06,3.4991e-06,3.7652e-06,4.0275e-06,4.2843e-06,4.5337e-06,4.7739e-06,5.003e-06,5.2193e-06,5.421e-06,5.6066e-06,5.7745e-06,5.9234e-06,6.0522e-06,6.1597e-06,6.2454e-06,6.3086e-06,6.3491e-06,6.3668e-06,6.362e-06,6.3353e-06,6.2874e-06,6.2193e-06,6.1325e-06,6.0284e-06,5.9089e-06,5.7758e-06,5.6314e-06,5.478e-06,5.3179e-06,5.1536e-06,4.9877e-06,4.8227e-06,4.6612e-06,4.5057e-06,4.3585e-06,4.2219e-06,4.0982e-06,3.9894e-06,3.8973e-06,3.8238e-06,3.7705e-06,3.7393e-06
1.1865e-06,1.0438e-06,8.9331e-07,7.4452e-07,5.9862e-07,4.563e-07,3.1831e-07,1.8546e-07,5.8536e-08,-6.1701e-08,-1.7455e-07,-2.7938e-07,-3.7563e-07,-4.6282e-07,-5.4053e-07,-6.0841e-07,-6.6615e-07,-7.1349e-07,-7.502e-07,-7.7608e-07,-7.9093e-07,-7.9459e-07,-7.8688e-07,-7.6762e-07,-7.3667e-07,-6.9385e-07,-6.3902e-07,-5.7202e-07,-4.9274e-07,-4.0106e-07,-2.969e-07,-1.8023e-07,-5.1039e-08,9.0609e-08,2.446e-07,4.1074e-07,5.8876e-07,7.783e-07,9.7891e-07,1.19e-06,1.4109e-06,1.6409e-06,1.879e-06,2.1242e-06,2.3753e-06,2.6312e-06,2.8902e-06,3.151e-06,3.4118e-06,3.6712e-06,3.9273e-06,4.1783e-06,4.4225e-06,4.6579e-06,4.8828e-06,5.0953e-06,5.2938e-06,5.4766e-06,5.6422e-06,5.7892e-06,5.9164e-06,6.0229e-06,6.1077e-06,6.1704e-06,6.2107e-06,6.2284e-06,6.2238e-06,6.1973e-06,6.1498e-06,6.0823e-06,5.996e-06,5.8923e-06,5.7732e-06,5.6404e-06,5.4961e-06,5.3424e-06,5.1818e-06,5.0165e-06,4.8491e-06,4.682e-06,4.5175e-06,4.3581e-06,4.206e-06,4.0634e-06,3.9322e-06,3.8145e-06,3.7118e-06,3.6257e-06,3.5578e-06,3.5107e-06
1.386e-06,1.2196e-06,1.0474e-06,8.8079e-07,7.2054e-07,5.6696e-07,4.2043e-07,2.8132e-07,1.5007e-07,2.7058e-08,-8.7333e-08,-1.9277e-07,-2.8898e-07,-3.757e-07,-4.5274e-07,-5.1992e-07,-5.7709e-07,-6.2412e-07,-6.6089e-07,-6.8728e-07,-7.0317e-07,-7.0843e-07,-7.0293e-07,-6.8651e-07,-6.5903e-07,-6.2032e-07,-5.7021e-07,-5.0854e-07,-4.3515e-07,-3.4989e-07,-2.5265e-07,-1.4333e-07,-2.1876e-08,1.1171e-07,2.5736e-07,4.1496e-07,5.8429e-07,7.6507e-07,9.569e-07,1.1593e-06,1.3716e-06,1.5931e-06,1.823e-06,2.0603e-06,2.3039e-06,2.5525e-06,2.8048e-06,3.0593e-06,3.3144e-06,3.5684e-06,3.8197e-06,4.0665e-06,4.3069e-06,4.5391e-06,4.7612e-06,4.9715e-06,5.1682e-06,5.3496e-06,5.5141e-06,5.6604e-06,5.7873e-06,5.8936e-06,5.9784e-06,6.0413e-06,6.0818e-06,6.0999e-06,6.0956e-06,6.0695e-06,6.0222e-06,5.9547e-06,5.8683e-06,5.7643e-06,5.6446e-06,5.5109e-06,5.3653e-06,5.21e-06,5.0472e-06,4.8792e-06,4.7084e-06,4.5372e-06,4.3679e-06,4.2027e-06,4.0437e-06,3.8931e-06,3.7528e-06,3.6244e-06,3.5096e-06,3.4096e-06,3.326e-06,3.2624e-06
1.5788e-06,1.3887e-06,1.1949e-06,1.01e-06,8.3479e-07,6.6921e-07,5.1323e-07,3.669e-07,2.3029e-07,1.0346e-07,-1.3524e-08,-1.2061e-07,-2.1778e-07,-3.05e-07,-3.8229e-07,-4.4964e-07,-5.0706e-07,-5.5454e-07,-5.9208e-07,-6.1963e-07,-6.3716e-07,-6.4458e-07,-6.4178e-07,-6.2865e-07,-6.0503e-07,-5.7077e-07,-5.2567e-07,-4.6956e-07,-4.0223e-07,-3.2352e-07,-2.3324e-07,-1.3125e-07,-1.7462e-08,1.082e-07,2.4574e-07,3.9509e-07,5.5612e-07,7.2858e-07,9.1217e-07,1.1064e-06,1.3109e-06,1.5248e-06,1.7473e-06,1.9777e-06,2.2148e-06,2.4574e-06,2.7041e-06,2.9535e-06,3.2041e-06,3.4542e-06,3.7022e-06,3.9461e-06,4.1843e-06,4.4147e-06,4.6356e-06,4.8451e-06,5.0413e-06,5.2227e-06,5.3876e-06,5.5345e-06,5.662e-06,5.7692e-06,5.8551e-06,5.9189e-06,5.9603e-06,5.9792e-06,5.9755e-06,5.9498e-06,5.9027e-06,5.835e-06,5.748e-06,5.6432e-06,5.5221e-06,5.3865e-06,5.2385e-06,5.0802e-06,4.9138e-06,4.7415e-06,4.5658e-06,4.3888e-06,4.2128e-06,4.04e-06,3.8726e-06,3.7123e-06,3.5612e-06,3.4207e-06,3.2924e-06,3.1775e-06,3.0773e-06,2.9968e-06
1.7606e-06,1.5473e-06,1.3319e-06,1.1287e-06,9.3816e-07,7.6004e-07,5.9398e-07,4.3969e-07,2.9692e-07,1.6542e-07,4.4969e-08,-6.4648e-08,-1.6365e-07,-2.5223e-07,-3.306e-07,-3.9893e-07,-4.5737e-07,-5.0604e-07,-5.4503e-07,-5.744e-07,-5.9417e-07,-6.0429e-07,-6.0472e-07,-5.9534e-07,-5.7601e-07,-5.4657e-07,-5.0681e-07,-4.5652e-07,-3.9547e-07,-3.2345e-07,-2.4024e-07,-1.4564e-07,-3.9477e-08,7.836e-08,2.0795e-07,3.4929e-07,5.0232e-07,6.6687e-07,8.4269e-07,1.0294e-06,1.2266e-06,1.4336e-06,1.6496e-06,1.8739e-06,2.1055e-06,2.3431e-06,2.5854e-06,2.831e-06,3.0784e-06,3.3259e-06,3.5718e-06,3.8144e-06,4.0517e-06,4.2818e-06,4.5029e-06,4.7131e-06,4.9104e-06,5.0932e-06,5.2598e-06,5.4085e-06,5.5381e-06,5.6472e-06,5.7351e-06,5.8008e-06,5.8439e-06,5.8641e-06,5.8616e-06,5.8366e-06,5.7897e-06,5.7218e-06,5.634e-06,5.5278e-06,5.4046e-06,5.2664e-06,5.1151e-06,4.9527e-06,4.7814e-06,4.6035e-06,4.4213e-06,4.237e-06,4.0528e-06,3.8709e-06,3.6933e-06,3.5219e-06,3.3585e-06,3.2046e-06,3.0617e-06,2.9309e-06,2.8136e-06,2.7157e-06
1.9278e-06,1.6917e-06,1.455e-06,1.2335e-06,1.0275e-06,8.3656e-07,6.5998e-07,4.9718e-07,3.4762e-07,2.1078e-07,8.6144e-08,-2.6747e-08,-1.2834e-07,-2.1905e-07,-2.9926e-07,-3.693e-07,-4.2948e-07,-4.8003e-07,-5.2115e-07,-5.5298e-07,-5.7559e-07,-5.89e-07,-5.9318e-07,-5.8804e-07,-5.7345e-07,-5.4922e-07,-5.1515e-07,-4.71e-07,-4.165e-07,-3.5138e-07,-2.7539e-07,-1.8825e-07,-8.9759e-08,2.0287e-08,1.4202e-07,2.7553e-07,4.2081e-07,5.7777e-07,7.4623e-07,9.259e-07,1.1164e-06,1.3171e-06,1.5274e-06,1.7465e-06,1.9733e-06,2.2069e-06,2.4459e-06,2.6888e-06,2.9342e-06,3.1804e-06,3.4257e-06,3.6682e-06,3.9061e-06,4.1374e-06,4.3602e-06,4.5726e-06,4.7725e-06,4.9581e-06,5.1277e-06,5.2797e-06,5.4125e-06,5.525e-06,5.6159e-06,5.6845e-06,5.7302e-06,5.7526e-06,5.7517e-06,5.7279e-06,5.6815e-06,5.6135e-06,5.5248e-06,5.417e-06,5.2914e-06,5.1499e-06,4.9944e-06,4.827e-06,4.6498e-06,4.4651e-06,4.2751e-06,4.0821e-06,3.8883e-06,3.6958e-06,3.5067e-06,3.3227e-06,3.1457e-06,2.9773e-06,2.8187e-06,2.6712e-06,2.5361e-06,2.4207e-06
2.0771e-06,1.8187e-06,1.561e-06,1.3213e-06,1.0999e-06,8.9592e-07,7.0855e-07,5.3687e-07,3.8007e-07,2.3734e-07,1.0793e-07,-8.8597e-09,-1.137e-07,-2.0721e-07,-2.8994e-07,-3.6239e-07,-4.2498e-07,-4.7808e-07,-5.2198e-07,-5.5689e-07,-5.8295e-07,-6.0022e-07,-6.087e-07,-6.0831e-07,-5.9893e-07,-5.8037e-07,-5.524e-07,-5.1473e-07,-4.6708e-07,-4.0912e-07,-3.4055e-07,-2.6104e-07,-1.703e-07,-6.8068e-08,4.5857e-08,1.7163e-07,3.0934e-07,4.5896e-07,6.2039e-07,7.9341e-07,9.7767e-07,1.1727e-06,1.3779e-06,1.5925e-06,1.8155e-06,2.046e-06,2.2826e-06,2.5239e-06,2.7685e-06,3.0146e-06,3.2605e-06,3.5044e-06,3.7443e-06,3.9783e-06,4.2043e-06,4.4202e-06,4.6242e-06,4.8142e-06,4.9884e-06,5.1451e-06,5.2826e-06,5.3996e-06,5.4949e-06,5.5676e-06,5.6169e-06,5.6424e-06,5.644e-06,5.6219e-06,5.5765e-06,5.5086e-06,5.4192e-06,5.3096e-06,5.1813e-06,5.0361e-06,4.8759e-06,4.7027e-06,4.5187e-06,4.3261e-06,4.1273e-06,3.9244e-06,3.7197e-06,3.5153e-06,3.3132e-06,3.1154e-06,2.9237e-06,2.7395e-06,2.5644e-06,2.3994e-06,2.2461e-06,2.1129e-06
2.205e-06,1.9249e-06,1.6467e-06,1.3891e-06,1.1523e-06,9.3539e-07,7.3708e-07,5.5628e-07,3.9189e-07,2.4287e-07,1.0822e-07,-1.3002e-08,-1.2166e-07,-2.1856e-07,-3.0443e-07,-3.7991e-07,-4.4556e-07,-5.0185e-07,-5.4916e-07,-5.8778e-07,-6.1789e-07,-6.396e-07,-6.5295e-07,-6.5786e-07,-6.542e-07,-6.4177e-07,-6.2032e-07,-5.8955e-07,-5.491e-07,-4.9862e-07,-4.3773e-07,-3.6605e-07,-2.8322e-07,-1.8891e-07,-8.283e-08,3.5245e-08,1.6547e-07,3.0792e-07,4.6257e-07,6.2925e-07,8.0772e-07,9.9755e-07,1.1982e-06,1.4089e-06,1.6289e-06,1.8572e-06,2.0923e-06,2.3331e-06,2.5779e-06,2.8251e-06,3.0729e-06,3.3195e-06,3.5628e-06,3.8009e-06,4.0316e-06,4.2528e-06,4.4624e-06,4.6583e-06,4.8387e-06,5.0016e-06,5.1454e-06,5.2684e-06,5.3695e-06,5.4475e-06,5.5016e-06,5.5313e-06,5.5363e-06,5.5168e-06,5.473e-06,5.4057e-06,5.3158e-06,5.2046e-06,5.0736e-06,4.9244e-06,4.759e-06,4.5794e-06,4.3878e-06,4.1865e-06,3.9778e-06,3.7639e-06,3.5471e-06,3.3296e-06,3.1135e-06,2.9007e-06,2.693e-06,2.4922e-06,2.2995e-06,2.1163e-06,1.9442e-06,1.7931e-06
2.3087e-06,2.0074e-06,1.7091e-06,1.434e-06,1.1822e-06,9.5229e-07,7.4302e-07,5.5295e-07,3.8076e-07,2.2513e-07,8.485e-08,-4.1236e-08,-1.542e-07,-2.5503e-07,-3.446e-07,-4.237e-07,-4.9301e-07,-5.531e-07,-6.0444e-07,-6.4737e-07,-6.8215e-07,-7.0891e-07,-7.277e-07,-7.3846e-07,-7.4106e-07,-7.3529e-07,-7.2085e-07,-6.9741e-07,-6.6458e-07,-6.2194e-07,-5.6906e-07,-5.0549e-07,-4.308e-07,-3.4458e-07,-2.4646e-07,-1.3614e-07,-1.3378e-08,1.2199e-07,2.7e-07,4.3059e-07,6.0357e-07,7.8859e-07,9.8518e-07,1.1927e-06,1.4103e-06,1.637e-06,1.8716e-06,2.1127e-06,2.3588e-06,2.6083e-06,2.8592e-06,3.1098e-06,3.358e-06,3.6016e-06,3.8385e-06,4.0665e-06,4.2834e-06,4.487e-06,4.6751e-06,4.846e-06,4.9976e-06,5.1283e-06,5.2367e-06,5.3215e-06,5.3818e-06,5.4169e-06,5.4265e-06,5.4105e-06,5.3692e-06,5.3031e-06,5.2133e-06,5.1007e-06,4.967e-06,4.8138e-06,4.643e-06,4.4566e-06,4.2569e-06,4.0461e-06,3.8266e-06,3.6007e-06,3.3708e-06,3.1391e-06,2.9078e-06,2.6789e-06,2.4543e-06,2.2357e-06,2.0247e-06,1.8225e-06,1.6311e-06,1.4616e-06
2.3852e-06,2.0634e-06,1.7456e-06,1.4533e-06,1.1866e-06,9.4403e-07,7.2384e-07,5.2447e-07,3.4432e-07,1.8187e-07,3.5664e-08,-9.5657e-08,-2.1335e-07,-3.1857e-07,-4.1236e-07,-4.9563e-07,-5.6917e-07,-6.3366e-07,-6.8963e-07,-7.3749e-07,-7.7755e-07,-8.0997e-07,-8.3481e-07,-8.5202e-07,-8.6145e-07,-8.6288e-07,-8.5598e-07,-8.4038e-07,-8.1563e-07,-7.8127e-07,-7.368e-07,-6.8169e-07,-6.1544e-07,-5.3757e-07,-4.4762e-07,-3.452e-07,-2.2997e-07,-1.0171e-07,3.9732e-08,1.9436e-07,3.6207e-07,5.426e-07,7.3553e-07,9.4026e-07,1.1561e-06,1.3819e-06,1.6168e-06,1.8592e-06,2.1076e-06,2.3603e-06,2.6156e-06,2.8715e-06,3.1259e-06,3.3766e-06,3.6212e-06,3.8577e-06,4.0835e-06,4.2964e-06,4.4942e-06,4.6747e-06,4.8359e-06,4.976e-06,5.0934e-06,5.1867e-06,5.2547e-06,5.2967e-06,5.3122e-06,5.301e-06,5.2631e-06,5.1992e-06,5.1101e-06,4.9968e-06,4.8607e-06,4.7036e-06,4.5272e-06,4.3338e-06,4.1255e-06,3.9047e-06,3.6737e-06,3.435e-06,3.1911e-06,2.9442e-06,2.6966e-06,2.4505e-06,2.2079e-06,1.9706e-06,1.7403e-06,1.5185e-06,1.3071e-06,1.1188e-06
2.4318e-06,2.0901e-06,1.7534e-06,1.4444e-06,1.1632e-06,9.0809e-07,6.7712e-07,4.6847e-07,2.803e-07,1.1086e-07,-4.1511e-08,-1.7837e-07,-3.0117e-07,-4.1122e-07,-5.0969e-07,-5.9765e-07,-6.7597e-07,-7.4543e-07,-8.0663e-07,-8.6005e-07,-9.06e-07,-9.447e-07,-9.7622e-07,-1.0005e-06,-1.0174e-06,-1.0266e-06,-1.0278e-06,-1.0206e-06,-1.0045e-06,-9.7891e-07,-9.4331e-07,-8.9709e-07,-8.3968e-07,-7.705e-07,-6.8901e-07,-5.9472e-07,-4.8722e-07,-3.6617e-07,-2.3135e-07,-8.2647e-08,7.9904e-08,2.5612e-07,4.4567e-07,6.4802e-07,8.6248e-07,1.0881e-06,1.3239e-06,1.5684e-06,1.82e-06,2.0771e-06,2.3379e-06,2.6004e-06,2.8624e-06,3.1215e-06,3.3756e-06,3.6221e-06,3.8586e-06,4.0827e-06,4.2919e-06,4.484e-06,4.6568e-06,4.8082e-06,4.9365e-06,5.0401e-06,5.1176e-06,5.1682e-06,5.1911e-06,5.186e-06,5.153e-06,5.0923e-06,5.0048e-06,4.8914e-06,4.7535e-06,4.5927e-06,4.411e-06,4.2105e-06,3.9933e-06,3.762e-06,3.5189e-06,3.2667e-06,3.0078e-06,2.7448e-06,2.48e-06,2.2157e-06,1.9541e-06,1.6971e-06,1.4467e-06,1.2043e-06,9.7236e-07,7.6473e-07
2.4458e-06,2.0849e-06,1.7298e-06,1.4047e-06,1.1094e-06,8.4204e-07,6.0047e-07,3.8261e-07,1.8641e-07,9.8865e-09,-1.4883e-07,-2.9149e-07,-4.1972e-07,-5.3498e-07,-6.3859e-07,-7.3172e-07,-8.1537e-07,-8.9036e-07,-9.5739e-07,-1.017e-06,-1.0695e-06,-1.1151e-06,-1.1539e-06,-1.1859e-06,-1.2109e-06,-1.2286e-06,-1.2386e-06,-1.2404e-06,-1.2335e-06,-1.2172e-06,-1.1911e-06,-1.1543e-06,-1.1062e-06,-1.0461e-06,-9.7347e-07,-8.8766e-07,-7.8817e-07,-6.7457e-07,-5.4653e-07,-4.0385e-07,-2.4646e-07,-7.4471e-08,1.1186e-07,3.121e-07,5.2559e-07,7.5151e-07,9.8881e-07,1.2361e-06,1.4918e-06,1.7543e-06,2.0217e-06,2.292e-06,2.5629e-06,2.8321e-06,3.0972e-06,3.3555e-06,3.6045e-06,3.8417e-06,4.0643e-06,4.27e-06,4.4564e-06,4.6212e-06,4.7624e-06,4.8783e-06,4.9674e-06,5.0284e-06,5.0606e-06,5.0633e-06,5.0365e-06,4.9804e-06,4.8956e-06,4.7831e-06,4.6441e-06,4.4803e-06,4.2936e-06,4.086e-06,3.8599e-06,3.6177e-06,3.3621e-06,3.0958e-06,2.8212e-06,2.5412e-06,2.2582e-06,1.9748e-06,1.6931e-06,1.4155e-06,1.1439e-06,8.8018e-07,6.2681e-07,3.9921e-07
2.4248e-06,2.0453e-06,1.6725e-06,1.3318e-06,1.0228e-06,7.4353e-07,4.9158e-07,2.6465e-07,6.0444e-08,-1.2322e-07,-2.8843e-07,-4.3711e-07,-5.7106e-07,-6.919e-07,-8.0107e-07,-8.9985e-07,-9.8933e-07,-1.0704e-06,-1.1439e-06,-1.2103e-06,-1.2699e-06,-1.3232e-06,-1.37e-06,-1.4104e-06,-1.4442e-06,-1.471e-06,-1.4904e-06,-1.5019e-06,-1.5049e-06,-1.4987e-06,-1.4826e-06,-1.4558e-06,-1.4176e-06,-1.3672e-06,-1.304e-06,-1.2271e-06,-1.136e-06,-1.0302e-06,-9.0924e-07,-7.728e-07,-6.2072e-07,-4.5301e-07,-2.6984e-07,-7.1572e-08,1.4122e-07,3.6775e-07,6.0709e-07,8.5779e-07,1.1184e-06,1.3872e-06,1.6622e-06,1.9415e-06,2.2228e-06,2.5035e-06,2.7812e-06,3.0531e-06,3.3165e-06,3.5687e-06,3.8069e-06,4.0284e-06,4.2306e-06,4.4111e-06,4.5675e-06,4.698e-06,4.8008e-06,4.8744e-06,4.9178e-06,4.9303e-06,4.9115e-06,4.8616e-06,4.781e-06,4.6705e-06,4.5314e-06,4.3653e-06,4.174e-06,3.9597e-06,3.7247e-06,3.4716e-06,3.2032e-06,2.9221e-06,2.6313e-06,2.3335e-06,2.0314e-06,1.7278e-06,1.4252e-06,1.1259e-06,8.3219e-07,5.4606e-07,2.7037e-07,2.202e-08
2.3662e-06,1.9689e-06,1.5791e-06,1.2233e-06,9.0111e-07,6.1027e-07,3.4821e-07,1.1237e-07,-9.9767e-08,-2.906e-07,-4.6241e-07,-6.1731e-07,-7.5725e-07,-8.84e-07,-9.9913e-07,-1.104e-06,-1.1999e-06,-1.2876e-06,-1.3681e-06,-1.4419e-06,-1.5095e-06,-1.571e-06,-1.6266e-06,-1.6761e-06,-1.7194e-06,-1.7561e-06,-1.7857e-06,-1.8077e-06,-1.8213e-06,-1.8259e-06,-1.8205e-06,-1.8045e-06,-1.7769e-06,-1.7368e-06,-1.6835e-06,-1.6162e-06,-1.5341e-06,-1.4366e-06,-1.3231e-06,-1.1932e-06,-1.0467e-06,-8.8348e-07,-7.0357e-07,-5.0726e-07,-2.9506e-07,-6.7653e-08,1.7411e-07,4.2878e-07,6.9489e-07,9.7079e-07,1.2545e-06,1.544e-06,1.8369e-06,2.1307e-06,2.4226e-06,2.7099e-06,2.9897e-06,3.2591e-06,3.515e-06,3.7546e-06,3.975e-06,4.1735e-06,4.3477e-06,4.4952e-06,4.6142e-06,4.7028e-06,4.7597e-06,4.7842e-06,4.7755e-06,4.7336e-06,4.6588e-06,4.5519e-06,4.414e-06,4.2465e-06,4.0515e-06,3.8309e-06,3.5873e-06,3.3233e-06,3.0418e-06,2.7457e-06,2.438e-06,2.1217e-06,1.7998e-06,1.4751e-06,1.1504e-06,8.2841e-07,5.1147e-07,2.019e-07,-9.7144e-08,-3.6717e-07
2.2677e-06,1.8533e-06,1.4472e-06,1.0769e-06,7.4206e-07,4.4008e-07,1.6821e-07,-7.6354e-08,-2.9633e-07,-4.9432e-07,-6.7282e-07,-8.341e-07,-9.8029e-07,-1.1133e-06,-1.2348e-06,-1.3462e-06,-1.4489e-06,-1.5439e-06,-1.6321e-06,-1.714e-06,-1.7901e-06,-1.8606e-06,-1.9257e-06,-1.9851e-06,-2.0388e-06,-2.0862e-06,-2.1268e-06,-2.16e-06,-2.1851e-06,-2.2013e-06,-2.2075e-06,-2.203e-06,-2.1868e-06,-2.1579e-06,-2.1153e-06,-2.0582e-06,-1.9858e-06,-1.8971e-06,-1.7917e-06,-1.6689e-06,-1.5285e-06,-1.37e-06,-1.1936e-06,-9.9943e-07,-7.8782e-07,-5.5944e-07,-3.1501e-07,-5.5974e-08,2.1625e-07,4.9999e-07,7.9332e-07,1.0941e-06,1.3999e-06,1.7081e-06,2.016e-06,2.3206e-06,2.6187e-06,2.9074e-06,3.1834e-06,3.4435e-06,3.6847e-06,3.904e-06,4.0986e-06,4.2659e-06,4.4037e-06,4.5099e-06,4.5831e-06,4.6219e-06,4.6257e-06,4.5941e-06,4.5271e-06,4.4255e-06,4.2903e-06,4.1228e-06,3.9249e-06,3.6988e-06,3.4471e-06,3.1725e-06,2.8779e-06,2.5664e-06,2.2414e-06,1.9059e-06,1.5633e-06,1.2166e-06,8.6886e-07,5.2303e-07,1.8175e-07,-1.5242e-07,-4.7598e-07,-7.6876e-07
2.1271e-06,1.6964e-06,1.2747e-06,8.9058e-07,5.4356e-07,2.3086e-07,-5.0513e-08,-3.0357e-07,-5.3127e-07,-7.3641e-07,-9.2166e-07,-1.0895e-06,-1.2422e-06,-1.3817e-06,-1.5099e-06,-1.6284e-06,-1.7385e-06,-1.8414e-06,-1.9378e-06,-2.0284e-06,-2.1138e-06,-2.1941e-06,-2.2694e-06,-2.3396e-06,-2.4045e-06,-2.4634e-06,-2.516e-06,-2.5614e-06,-2.5989e-06,-2.6275e-06,-2.6463e-06,-2.6543e-06,-2.6504e-06,-2.6334e-06,-2.6025e-06,-2.5565e-06,-2.4945e-06,-2.4156e-06,-2.3189e-06,-2.2039e-06,-2.0701e-06,-1.9169e-06,-1.7445e-06,-1.5527e-06,-1.3419e-06,-1.1125e-06,-8.6535e-07,-6.0168e-07,-3.2292e-07,-3.0713e-08,2.7302e-07,5.861e-07,9.0606e-07,1.2302e-06,1.5557e-06,1.8793e-06,2.1979e-06,2.5082e-06,2.8066e-06,3.0899e-06,3.3546e-06,3.5975e-06,3.8154e-06,4.0055e-06,4.1651e-06,4.292e-06,4.3843e-06,4.4404e-06,4.4592e-06,4.4403e-06,4.3836e-06,4.2894e-06,4.1586e-06,3.9926e-06,3.7932e-06,3.5627e-06,3.3035e-06,3.0186e-06,2.711e-06,2.3842e-06,2.0414e-06,1.6862e-06,1.3221e-06,9.5245e-07,5.8065e-07,2.0985e-07,-1.5699e-07,-5.1702e-07,-8.664e-07,-1.1831e-06
1.9422e-06,1.496e-06,1.0595e-06,6.6221e-07,3.0357e-07,-1.9401e-08,-3.0994e-07,-5.7126e-07,-8.0654e-07,-1.0188e-06,-1.2109e-06,-1.3854e-06,-1.5448e-06,-1.6912e-06,-1.8266e-06,-1.9526e-06,-2.0706e-06,-2.1818e-06,-2.2871e-06,-2.3872e-06,-2.4826e-06,-2.5735e-06,-2.6599e-06,-2.7418e-06,-2.8187e-06,-2.8901e-06,-2.9556e-06,-3.0142e-06,-3.065e-06,-3.1072e-06,-3.1396e-06,-3.1611e-06,-3.1705e-06,-3.1666e-06,-3.1483e-06,-3.1144e-06,-3.0639e-06,-2.9956e-06,-2.9086e-06,-2.8022e-06,-2.6757e-06,-2.5286e-06,-2.3606e-06,-2.1717e-06,-1.9621e-06,-1.7321e-06,-1.4822e-06,-1.2138e-06,-9.2819e-07,-6.2702e-07,-3.1218e-07,1.4119e-08,3.4939e-07,6.9085e-07,1.0355e-06,1.3801e-06,1.7213e-06,2.0554e-06,2.3789e-06,2.6881e-06,2.9792e-06,3.2486e-06,3.4931e-06,3.7092e-06,3.8939e-06,4.0448e-06,4.1593e-06,4.2358e-06,4.2729e-06,4.2696e-06,4.2256e-06,4.1412e-06,4.0171e-06,3.8545e-06,3.6552e-06,3.4214e-06,3.1558e-06,2.8612e-06,2.541e-06,2.1987e-06,1.838e-06,1.4626e-06,1.0763e-06,6.8286e-07,2.8591e-07,-1.1106e-07,-5.0475e-07,-8.9203e-07,-1.2686e-06,-1.6107e-06
1.711e-06,1.2501e-06,7.9958e-07,3.8984e-07,2.0173e-08,-3.1261e-07,-6.1195e-07,-8.8129e-07,-1.124e-06,-1.3433e-06,-1.5423e-06,-1.7236e-06,-1.89e-06,-2.0436e-06,-2.1865e-06,-2.3204e-06,-2.4469e-06,-2.5671e-06,-2.682e-06,-2.7923e-06,-2.8985e-06,-3.0008e-06,-3.0992e-06,-3.1936e-06,-3.2835e-06,-3.3685e-06,-3.4479e-06,-3.5207e-06,-3.5861e-06,-3.6429e-06,-3.69e-06,-3.7261e-06,-3.75e-06,-3.7604e-06,-3.756e-06,-3.7353e-06,-3.6974e-06,-3.6408e-06,-3.5646e-06,-3.4678e-06,-3.3497e-06,-3.2095e-06,-3.0468e-06,-2.8615e-06,-2.6535e-06,-2.4232e-06,-2.171e-06,-1.8979e-06,-1.6053e-06,-1.2949e-06,-9.6835e-07,-6.2802e-07,-2.7639e-07,8.3705e-08,4.4916e-07,8.1659e-07,1.1824e-06,1.5428e-06,1.894e-06,2.2318e-06,2.5524e-06,2.8517e-06,3.126e-06,3.3716e-06,3.5851e-06,3.7635e-06,3.904e-06,4.0044e-06,4.063e-06,4.0786e-06,4.0505e-06,3.9788e-06,3.8639e-06,3.7069e-06,3.5096e-06,3.2741e-06,3.0032e-06,2.6998e-06,2.3675e-06,2.01e-06,1.6313e-06,1.2352e-06,8.2612e-07,4.0797e-07,-1.5208e-08,-4.3957e-07,-8.6149e-07,-1.2775e-06,-1.6829e-06,-2.0519e-06
1.4316e-06,9.5689e-07,4.9314e-07,7.165e-08,-3.0846e-07,-6.5057e-07,-9.5834e-07,-1.2354e-06,-1.4854e-06,-1.7118e-06,-1.9176e-06,-2.106e-06,-2.2795e-06,-2.4406e-06,-2.5914e-06,-2.7338e-06,-2.8693e-06,-2.9991e-06,-3.1243e-06,-3.2455e-06,-3.3633e-06,-3.4779e-06,-3.5892e-06,-3.6971e-06,-3.8011e-06,-3.9007e-06,-3.9951e-06,-4.0833e-06,-4.1644e-06,-4.2371e-06,-4.3001e-06,-4.3522e-06,-4.392e-06,-4.4179e-06,-4.4286e-06,-4.4226e-06,-4.3985e-06,-4.355e-06,-4.2908e-06,-4.2049e-06,-4.0962e-06,-3.964e-06,-3.8076e-06,-3.6267e-06,-3.4212e-06,-3.1912e-06,-2.9372e-06,-2.6597e-06,-2.3602e-06,-2.0403e-06,-1.7018e-06,-1.3467e-06,-9.7781e-07,-5.9787e-07,-2.1011e-07,1.8194e-07,5.7453e-07,9.6364e-07,1.3451e-06,1.7146e-06,2.0679e-06,2.4006e-06,2.7084e-06,2.9872e-06,3.2333e-06,3.4432e-06,3.6135e-06,3.7418e-06,3.8258e-06,3.8639e-06,3.8552e-06,3.7993e-06,3.6966e-06,3.5479e-06,3.3549e-06,3.1196e-06,2.8449e-06,2.5339e-06,2.1903e-06,1.818e-06,1.4212e-06,1.0043e-06,5.7172e-07,1.2802e-07,-3.2246e-07,-7.7551e-07,-1.2271e-06,-1.6734e-06,-2.1094e-06,-2.5069e-06
1.102e-06,6.1448e-07,1.384e-07,-2.9409e-07,-6.8401e-07,-1.0349e-06,-1.3508e-06,-1.6354e-06,-1.8925e-06,-2.1258e-06,-2.3386e-06,-2.534e-06,-2.715e-06,-2.8839e-06,-3.0431e-06,-3.1944e-06,-3.3394e-06,-3.4795e-06,-3.6157e-06,-3.7487e-06,-3.8789e-06,-4.0066e-06,-4.1318e-06,-4.2543e-06,-4.3735e-06,-4.4888e-06,-4.5994e-06,-4.7042e-06,-4.8023e-06,-4.8922e-06,-4.9726e-06,-5.042e-06,-5.099e-06,-5.1419e-06,-5.1692e-06,-5.1793e-06,-5.1706e-06,-5.1416e-06,-5.091e-06,-5.0173e-06,-4.9195e-06,-4.7966e-06,-4.6477e-06,-4.4725e-06,-4.2704e-06,-4.0416e-06,-3.7864e-06,-3.505e-06,-3.1989e-06,-2.8696e-06,-2.5188e-06,-2.1486e-06,-1.7616e-06,-1.3607e-06,-9.4925e-07,-5.3083e-07,-1.0939e-07,3.1082e-07,7.2538e-07,1.1297e-06,1.519e-06,1.8885e-06,2.2337e-06,2.5499e-06,2.8328e-06,3.0783e-06,3.2829e-06,3.4434e-06,3.557e-06,3.6218e-06,3.6364e-06,3.6001e-06,3.5128e-06,3.3755e-06,3.1894e-06,2.9567e-06,2.6801e-06,2.3629e-06,2.0089e-06,1.6224e-06,1.2078e-06,7.6982e-07,3.1338e-07,-1.5667e-07,-6.3554e-07,-1.1186e-06,-1.6014e-06,-2.0797e-06,-2.548e-06,-2.976e-06
7.2069e-07,2.2126e-07,-2.6625e-07,-7.0898e-07,-1.1081e-06,-1.4673e-06,-1.7908e-06,-2.0826e-06,-2.3467e-06,-2.5869e-06,-2.8067e-06,-3.0094e-06,-3.198e-06,-3.3751e-06,-3.543e-06,-3.7038e-06,-3.859e-06,-4.01e-06,-4.1579e-06,-4.3033e-06,-4.4469e-06,-4.5887e-06,-4.7288e-06,-4.8669e-06,-5.0024e-06,-5.1346e-06,-5.2627e-06,-5.3855e-06,-5.5018e-06,-5.6104e-06,-5.7096e-06,-5.798e-06,-5.8738e-06,-5.9353e-06,-5.9809e-06,-6.0087e-06,-6.0171e-06,-6.0043e-06,-5.9688e-06,-5.909e-06,-5.8237e-06,-5.7116e-06,-5.5718e-06,-5.4034e-06,-5.2061e-06,-4.9797e-06,-4.7241e-06,-4.4396e-06,-4.1275e-06,-3.7891e-06,-3.426e-06,-3.0403e-06,-2.6347e-06,-2.2119e-06,-1.7755e-06,-1.329e-06,-8.7671e-07,-4.2299e-07,2.7405e-08,4.6955e-07,8.9834e-07,1.3086e-06,1.6952e-06,2.053e-06,2.3772e-06,2.6632e-06,2.9067e-06,3.104e-06,3.252e-06,3.3481e-06,3.3903e-06,3.3777e-06,3.3099e-06,3.1874e-06,3.0114e-06,2.7839e-06,2.5077e-06,2.1861e-06,1.8231e-06,1.4232e-06,9.9121e-07,5.322e-07,5.1461e-08,-4.457e-07,-9.5402e-07,-1.4684e-06,-1.984e-06,-2.4962e-06,-2.9988e-06,-3.4592e-06
2.8605e-07,-2.2429e-07,-7.2229e-07,-1.1745e-06,-1.5821e-06,-1.9491e-06,-2.2798e-06,-2.5785e-06,-2.8494e-06,-3.0965e-06,-3.3233e-06,-3.5335e-06,-3.73e-06,-3.9156e-06,-4.0927e-06,-4.2633e-06,-4.4293e-06,-4.5919e-06,-4.7522e-06,-4.911e-06,-5.0688e-06,-5.2258e-06,-5.3818e-06,-5.5365e-06,-5.6895e-06,-5.8399e-06,-5.9868e-06,-6.129e-06,-6.2652e-06,-6.3939e-06,-6.5135e-06,-6.6224e-06,-6.7187e-06,-6.8007e-06,-6.8663e-06,-6.9137e-06,-6.941e-06,-6.9462e-06,-6.9277e-06,-6.8838e-06,-6.8127e-06,-6.7132e-06,-6.5841e-06,-6.4243e-06,-6.2333e-06,-6.0105e-06,-5.7559e-06,-5.4693e-06,-5.1519e-06,-4.8049e-06,-4.4298e-06,-4.0287e-06,-3.604e-06,-3.1586e-06,-2.6961e-06,-2.2201e-06,-1.735e-06,-1.2454e-06,-7.5645e-07,-2.7329e-07,1.9855e-07,6.5344e-07,1.0857e-06,1.4897e-06,1.86e-06,2.1913e-06,2.4789e-06,2.7183e-06,2.9058e-06,3.0382e-06,3.1131e-06,3.1289e-06,3.0849e-06,2.9812e-06,2.8189e-06,2.5998e-06,2.3266e-06,2.0028e-06,1.6325e-06,1.2204e-06,7.7162e-07,2.9173e-07,-2.1358e-07,-7.3852e-07,-1.2773e-06,-1.8244e-06,-2.3745e-06,-2.9224e-06,-3.4615e-06,-3.9565e-06
-2.0332e-07,-7.2353e-07,-1.2311e-06,-1.6919e-06,-2.1073e-06,-2.4816e-06,-2.8191e-06,-3.1245e-06,-3.402e-06,-3.6558e-06,-3.8898e-06,-4.1075e-06,-4.3121e-06,-4.5066e-06,-4.6933e-06,-4.8744e-06,-5.0517e-06,-5.2265e-06,-5.4001e-06,-5.5731e-06,-5.746e-06,-5.9191e-06,-6.0921e-06,-6.2647e-06,-6.4364e-06,-6.6063e-06,-6.7734e-06,-6.9364e-06,-7.094e-06,-7.2445e-06,-7.3862e-06,-7.5174e-06,-7.6361e-06,-7.7403e-06,-7.8279e-06,-7.8969e-06,-7.9451e-06,-7.9705e-06,-7.9711e-06,-7.9449e-06,-7.8903e-06,-7.8054e-06,-7.6889e-06,-7.5396e-06,-7.3566e-06,-7.1391e-06,-6.8869e-06,-6.5995e-06,-6.278e-06,-5.9233e-06,-5.5368e-06,-5.1204e-06,-4.6765e-06,-4.2081e-06,-3.7185e-06,-3.2116e-06,-2.692e-06,-2.1644e-06,-1.6341e-06,-1.1067e-06,-5.8825e-07,-8.4732e-08,3.9762e-07,8.5258e-07,1.274e-06,1.6561e-06,1.9932e-06,2.2804e-06,2.513e-06,2.6873e-06,2.8003e-06,2.8498e-06,2.8345e-06,2.7543e-06,2.6098e-06,2.4028e-06,2.1358e-06,1.8123e-06,1.4367e-06,1.0138e-06,5.4922e-07,4.8829e-08,-4.8118e-07,-1.0345e-06,-1.6048e-06,-2.186e-06,-2.7722e-06,-3.3579e-06,-3.9357e-06,-4.4676e-06
-7.4866e-07,-1.2777e-06,-1.7938e-06,-2.2623e-06,-2.6849e-06,-3.0659e-06,-3.4099e-06,-3.7216e-06,-4.0055e-06,-4.2661e-06,-4.5072e-06,-4.7326e-06,-4.9456e-06,-5.1492e-06,-5.346e-06,-5.538e-06,-5.7273e-06,-5.9151e-06,-6.1026e-06,-6.2907e-06,-6.4797e-06,-6.6699e-06,-6.861e-06,-7.0527e-06,-7.2444e-06,-7.4352e-06,-7.6239e-06,-7.8092e-06,-7.9898e-06,-8.1638e-06,-8.3294e-06,-8.4848e-06,-8.6278e-06,-8.7562e-06,-8.8679e-06,-8.9606e-06,-9.032e-06,-9.0798e-06,-9.1017e-06,-9.0957e-06,-9.0597e-06,-8.9917e-06,-8.8901e-06,-8.7534e-06,-8.5805e-06,-8.3702e-06,-8.1222e-06,-7.8358e-06,-7.5115e-06,-7.1502e-06,-6.7531e-06,-6.322e-06,-5.8591e-06,-5.3673e-06,-4.85e-06,-4.3112e-06,-3.7554e-06,-3.1877e-06,-2.6135e-06,-2.0389e-06,-1.4702e-06,-9.1391e-07,-3.7692e-07,1.3396e-07,6.1193e-07,1.0504e-06,1.443e-06,1.7839e-06,2.0678e-06,2.2901e-06,2.4472e-06,2.5362e-06,2.5553e-06,2.5037e-06,2.3818e-06,2.191e-06,1.9338e-06,1.6138e-06,1.2353e-06,8.0352e-07,3.2431e-07,-1.9597e-07,-7.5061e-07,-1.3327e-06,-1.9355e-06,-2.5521e-06,-3.1763e-06,-3.8018e-06,-4.4207e-06,-4.9919e-06
-1.3511e-06,-1.8878e-06,-2.4114e-06,-2.8869e-06,-3.3159e-06,-3.703e-06,-4.053e-06,-4.3707e-06,-4.661e-06,-4.9282e-06,-5.1765e-06,-5.4098e-06,-5.6314e-06,-5.8445e-06,-6.0517e-06,-6.2553e-06,-6.457e-06,-6.6585e-06,-6.8608e-06,-7.0648e-06,-7.2708e-06,-7.4791e-06,-7.6895e-06,-7.9015e-06,-8.1145e-06,-8.3275e-06,-8.5393e-06,-8.7486e-06,-8.9538e-06,-9.153e-06,-9.3444e-06,-9.5259e-06,-9.6953e-06,-9.8502e-06,-9.9882e-06,-1.0107e-05,-1.0204e-05,-1.0276e-05,-1.0322e-05,-1.0339e-05,-1.0324e-05,-1.0275e-05,-1.0191e-05,-1.0069e-05,-9.9089e-06,-9.7082e-06,-9.4664e-06,-9.1831e-06,-8.8577e-06,-8.4913e-06,-8.0848e-06,-7.6398e-06,-7.1584e-06,-6.6434e-06,-6.098e-06,-5.5264e-06,-4.9331e-06,-4.3233e-06,-3.7028e-06,-3.0779e-06,-2.4554e-06,-1.8423e-06,-1.2461e-06,-6.7415e-07,-1.341e-07,3.6666e-07,8.2097e-07,1.2221e-06,1.564e-06,1.841e-06,2.0488e-06,2.1837e-06,2.2433e-06,2.2261e-06,2.1322e-06,1.9625e-06,1.7194e-06,1.4064e-06,1.028e-06,5.8953e-07,9.7265e-08,-4.4199e-07,-1.021e-06,-1.6323e-06,-2.2683e-06,-2.9218e-06,-3.5856e-06,-4.2531e-06,-4.9156e-06,-5.5288e-06
-2.0114e-06,-2.5547e-06,-3.0848e-06,-3.5664e-06,-4.0011e-06,-4.3938e-06,-4.7493e-06,-5.0728e-06,-5.3692e-06,-5.6429e-06,-5.8985e-06,-6.1398e-06,-6.3703e-06,-6.5932e-06,-6.8113e-06,-7.0268e-06,-7.2417e-06,-7.4575e-06,-7.6753e-06,-7.896e-06,-8.12e-06,-8.3475e-06,-8.5782e-06,-8.8117e-06,-9.0473e-06,-9.284e-06,-9.5205e-06,-9.7553e-06,-9.9869e-06,-1.0213e-05,-1.0432e-05,-1.0642e-05,-1.084e-05,-1.1023e-05,-1.119e-05,-1.1337e-05,-1.1462e-05,-1.1562e-05,-1.1634e-05,-1.1676e-05,-1.1685e-05,-1.1659e-05,-1.1595e-05,-1.1491e-05,-1.1346e-05,-1.1157e-05,-1.0924e-05,-1.0646e-05,-1.0321e-05,-9.9517e-06,-9.5374e-06,-9.0797e-06,-8.5807e-06,-8.0428e-06,-7.4694e-06,-6.8644e-06,-6.2326e-06,-5.5791e-06,-4.9101e-06,-4.2321e-06,-3.5523e-06,-2.8783e-06,-2.2181e-06,-1.58e-06,-9.7208e-07,-4.028e-07,1.1983e-07,5.8814e-07,9.95e-07,1.334e-06,1.5997e-06,1.7876e-06,1.8945e-06,1.9183e-06,1.8583e-06,1.7152e-06,1.4911e-06,1.1893e-06,8.1437e-07,3.7193e-07,-1.3143e-07,-6.8845e-07,-1.2913e-06,-1.9319e-06,-2.602e-06,-3.2935e-06,-3.9988e-06,-4.7105e-06,-5.4193e-06,-6.0772e-06
-2.7304e-06,-3.2792e-06,-3.8147e-06,-4.3014e-06,-4.7412e-06,-5.1388e-06,-5.4995e-06,-5.8284e-06,-6.1307e-06,-6.411e-06,-6.6738e-06,-6.9232e-06,-7.1628e-06,-7.3958e-06,-7.6252e-06,-7.8531e-06,-8.0817e-06,-8.3125e-06,-8.5466e-06,-8.7849e-06,-9.0278e-06,-9.2754e-06,-9.5276e-06,-9.7838e-06,-1.0043e-05,-1.0305e-05,-1.0568e-05,-1.083e-05,-1.1089e-05,-1.1345e-05,-1.1594e-05,-1.1834e-05,-1.2062e-05,-1.2277e-05,-1.2474e-05,-1.2653e-05,-1.2808e-05,-1.2938e-05,-1.304e-05,-1.311e-05,-1.3146e-05,-1.3145e-05,-1.3104e-05,-1.3021e-05,-1.2893e-05,-1.2719e-05,-1.2498e-05,-1.2227e-05,-1.1907e-05,-1.1536e-05,-1.1116e-05,-1.0647e-05,-1.0132e-05,-9.5718e-06,-8.9707e-06,-8.3322e-06,-7.661e-06,-6.9626e-06,-6.2431e-06,-5.5094e-06,-4.769e-06,-4.0302e-06,-3.3015e-06,-2.5918e-06,-1.9102e-06,-1.266e-06,-6.6815e-07,-1.2541e-07,3.5405e-07,7.6276e-07,1.0942e-06,1.3428e-06,1.5045e-06,1.5764e-06,1.5571e-06,1.4468e-06,1.2472e-06,9.6144e-07,5.9405e-07,1.5088e-07,-3.6119e-07,-9.3437e-07,-1.5603e-06,-2.23e-06,-2.9348e-06,-3.6657e-06,-4.4142e-06,-5.1725e-06,-5.9301e-06,-6.6357e-06
-3.5086e-06,-4.0617e-06,-4.6016e-06,-5.0926e-06,-5.5366e-06,-5.9386e-06,-6.304e-06,-6.6381e-06,-6.946e-06,-7.2327e-06,-7.5028e-06,-7.7604e-06,-8.0093e-06,-8.2528e-06,-8.4937e-06,-8.7346e-06,-8.9775e-06,-9.2238e-06,-9.4749e-06,-9.7316e-06,-9.9943e-06,-1.0263e-05,-1.0538e-05,-1.0818e-05,-1.1103e-05,-1.1391e-05,-1.1681e-05,-1.1972e-05,-1.2262e-05,-1.2548e-05,-1.2828e-05,-1.3101e-05,-1.3362e-05,-1.361e-05,-1.3842e-05,-1.4054e-05,-1.4243e-05,-1.4406e-05,-1.454e-05,-1.4641e-05,-1.4707e-05,-1.4734e-05,-1.4719e-05,-1.466e-05,-1.4554e-05,-1.4398e-05,-1.4191e-05,-1.3931e-05,-1.3617e-05,-1.3248e-05,-1.2824e-05,-1.2347e-05,-1.1816e-05,-1.1236e-05,-1.0608e-05,-9.936e-06,-9.2253e-06,-8.4809e-06,-7.7092e-06,-6.9175e-06,-6.1136e-06,-5.3062e-06,-4.5044e-06,-3.7179e-06,-2.9567e-06,-2.231e-06,-1.5508e-06,-9.2603e-07,-3.6598e-07,1.2066e-07,5.2617e-07,8.4393e-07,1.0687e-06,1.1966e-06,1.2255e-06,1.155e-06,9.8612e-07,7.2187e-07,3.6672e-07,-7.3401e-08,-5.9126e-07,-1.1786e-06,-1.8264e-06,-2.525e-06,-3.2649e-06,-4.0362e-06,-4.8299e-06,-5.6369e-06,-6.4463e-06,-7.2026e-06
-4.3463e-06,-4.9026e-06,-5.4458e-06,-5.9401e-06,-6.3877e-06,-6.7935e-06,-7.1631e-06,-7.502e-06,-7.8154e-06,-8.1084e-06,-8.3858e-06,-8.6517e-06,-8.91e-06,-9.1642e-06,-9.4171e-06,-9.6713e-06,-9.9289e-06,-1.0191e-05,-1.046e-05,-1.0736e-05,-1.1019e-05,-1.131e-05,-1.1608e-05,-1.1914e-05,-1.2225e-05,-1.2541e-05,-1.2861e-05,-1.3182e-05,-1.3503e-05,-1.3822e-05,-1.4136e-05,-1.4443e-05,-1.474e-05,-1.5024e-05,-1.5291e-05,-1.554e-05,-1.5765e-05,-1.5964e-05,-1.6133e-05,-1.6269e-05,-1.6368e-05,-1.6427e-05,-1.6442e-05,-1.641e-05,-1.6329e-05,-1.6194e-05,-1.6005e-05,-1.576e-05,-1.5455e-05,-1.509e-05,-1.4666e-05,-1.4182e-05,-1.3639e-05,-1.3039e-05,-1.2386e-05,-1.1682e-05,-1.0931e-05,-1.014e-05,-9.3155e-06,-8.4638e-06,-7.5936e-06,-6.714e-06,-5.8348e-06,-4.9665e-06,-4.1198e-06,-3.3059e-06,-2.5361e-06,-1.8214e-06,-1.1724e-06,-5.9904e-07,-1.1049e-07,2.854e-07,5.8213e-07,7.748e-07,8.6023e-07,8.3712e-07,7.0608e-07,4.6961e-07,1.3206e-07,-3.0057e-07,-8.2075e-07,-1.4198e-06,-2.0879e-06,-2.8148e-06,-3.59e-06,-4.4028e-06,-5.2432e-06,-6.1014e-06,-6.9655e-06,-7.7756e-06
-5.2437e-06,-5.8019e-06,-6.3474e-06,-6.8442e-06,-7.2945e-06,-7.7036e-06,-8.077e-06,-8.4203e-06,-8.739e-06,-9.0382e-06,-9.3228e-06,-9.597e-06,-9.8649e-06,-1.013e-05,-1.0395e-05,-1.0663e-05,-1.0936e-05,-1.1215e-05,-1.1502e-05,-1.1798e-05,-1.2102e-05,-1.2416e-05,-1.2739e-05,-1.307e-05,-1.3409e-05,-1.3754e-05,-1.4105e-05,-1.4458e-05,-1.4813e-05,-1.5166e-05,-1.5516e-05,-1.586e-05,-1.6194e-05,-1.6516e-05,-1.6823e-05,-1.711e-05,-1.7374e-05,-1.7612e-05,-1.782e-05,-1.7994e-05,-1.813e-05,-1.8224e-05,-1.8272e-05,-1.8271e-05,-1.8218e-05,-1.8109e-05,-1.7942e-05,-1.7713e-05,-1.7422e-05,-1.7065e-05,-1.6643e-05,-1.6156e-05,-1.5603e-05,-1.4986e-05,-1.4309e-05,-1.3573e-05,-1.2784e-05,-1.1947e-05,-1.1068e-05,-1.0155e-05,-9.216e-06,-8.2611e-06,-7.3004e-06,-6.3453e-06,-5.4073e-06,-4.4987e-06,-3.6318e-06,-2.819e-06,-2.0724e-06,-1.4032e-06,-8.2216e-07,-3.385e-07,3.9866e-08,3.0671e-07,4.5772e-07,4.9063e-07,4.0528e-07,2.0366e-07,-1.1016e-07,-5.3015e-07,-1.0486e-06,-1.6562e-06,-2.3427e-06,-3.097e-06,-3.9074e-06,-4.7626e-06,-5.6514e-06,-6.5632e-06,-7.4848e-06,-8.352e-06
-6.2006e-06,-6.7596e-06,-7.3063e-06,-7.8047e-06,-8.2571e-06,-8.6688e-06,-9.0455e-06,-9.393e-06,-9.7167e-06,-1.0022e-05,-1.0314e-05,-1.0596e-05,-1.0874e-05,-1.115e-05,-1.1427e-05,-1.1709e-05,-1.1998e-05,-1.2294e-05,-1.26e-05,-1.2916e-05,-1.3242e-05,-1.358e-05,-1.3928e-05,-1.4287e-05,-1.4654e-05,-1.503e-05,-1.5412e-05,-1.5799e-05,-1.6189e-05,-1.6579e-05,-1.6966e-05,-1.7349e-05,-1.7723e-05,-1.8086e-05,-1.8433e-05,-1.8763e-05,-1.9069e-05,-1.9349e-05,-1.9599e-05,-1.9814e-05,-1.999e-05,-2.0122e-05,-2.0208e-05,-2.0242e-05,-2.0221e-05,-2.0141e-05,-2e-05,-1.9793e-05,-1.9518e-05,-1.9173e-05,-1.8757e-05,-1.8269e-05,-1.771e-05,-1.7079e-05,-1.638e-05,-1.5615e-05,-1.4788e-05,-1.3905e-05,-1.2972e-05,-1.1996e-05,-1.0987e-05,-9.9538e-06,-8.9081e-06,-7.8615e-06,-6.8266e-06,-5.8168e-06,-4.8455e-06,-3.9265e-06,-3.0733e-06,-2.2988e-06,-1.6152e-06,-1.0336e-06,-5.6326e-07,-2.1202e-07,1.449e-08,1.1283e-07,8.191e-08,-7.6946e-08,-3.6007e-07,-7.6154e-07,-1.2734e-06,-1.8861e-06,-2.5885e-06,-3.3687e-06,-4.2142e-06,-5.1123e-06,-6.0511e-06,-7.0187e-06,-8.001e-06,-8.9287e-06
-7.2167e-06,-7.7754e-06,-8.3223e-06,-8.8214e-06,-9.2752e-06,-9.689e-06,-1.0069e-05,-1.042e-05,-1.0748e-05,-1.1059e-05,-1.1358e-05,-1.1649e-05,-1.1936e-05,-1.2223e-05,-1.2513e-05,-1.2809e-05,-1.3113e-05,-1.3427e-05,-1.3752e-05,-1.4089e-05,-1.4438e-05,-1.4801e-05,-1.5175e-05,-1.5562e-05,-1.5959e-05,-1.6366e-05,-1.6782e-05,-1.7203e-05,-1.7629e-05,-1.8057e-05,-1.8484e-05,-1.8908e-05,-1.9324e-05,-1.973e-05,-2.0121e-05,-2.0495e-05,-2.0847e-05,-2.1172e-05,-2.1467e-05,-2.1726e-05,-2.1946e-05,-2.2121e-05,-2.2248e-05,-2.2321e-05,-2.2336e-05,-2.229e-05,-2.2177e-05,-2.1996e-05,-2.1743e-05,-2.1414e-05,-2.1008e-05,-2.0523e-05,-1.996e-05,-1.9319e-05,-1.86e-05,-1.7808e-05,-1.6945e-05,-1.6017e-05,-1.503e-05,-1.3992e-05,-1.2911e-05,-1.1798e-05,-1.0664e-05,-9.5216e-06,-8.3847e-06,-7.2672e-06,-6.1843e-06,-5.1508e-06,-4.182e-06,-3.2924e-06,-2.496e-06,-1.8056e-06,-1.2324e-06,-7.8577e-07,-4.7303e-07,-2.9897e-07,-2.658e-07,-3.7308e-07,-6.1768e-07,-9.9391e-07,-1.4938e-06,-2.1072e-06,-2.8225e-06,-3.6268e-06,-4.5066e-06,-5.4482e-06,-6.4383e-06,-7.4641e-06,-8.5101e-06,-9.5018e-06
-8.2916e-06,-8.8489e-06,-9.3949e-06,-9.894e-06,-1.0348e-05,-1.0764e-05,-1.1146e-05,-1.15e-05,-1.1833e-05,-1.215e-05,-1.2455e-05,-1.2754e-05,-1.3051e-05,-1.3349e-05,-1.3652e-05,-1.3962e-05,-1.4282e-05,-1.4614e-05,-1.4958e-05,-1.5316e-05,-1.5689e-05,-1.6076e-05,-1.6477e-05,-1.6892e-05,-1.732e-05,-1.776e-05,-1.821e-05,-1.8668e-05,-1.9132e-05,-1.9599e-05,-2.0067e-05,-2.0533e-05,-2.0994e-05,-2.1445e-05,-2.1883e-05,-2.2304e-05,-2.2703e-05,-2.3077e-05,-2.342e-05,-2.3727e-05,-2.3994e-05,-2.4216e-05,-2.4387e-05,-2.4503e-05,-2.4559e-05,-2.455e-05,-2.4472e-05,-2.4321e-05,-2.4092e-05,-2.3784e-05,-2.3392e-05,-2.2915e-05,-2.2353e-05,-2.1704e-05,-2.097e-05,-2.0154e-05,-1.9258e-05,-1.8286e-05,-1.7247e-05,-1.6146e-05,-1.4992e-05,-1.3797e-05,-1.2573e-05,-1.1331e-05,-1.0087e-05,-8.8563e-06,-7.6546e-06,-6.4986e-06,-5.405e-06,-4.3904e-06,-3.4705e-06,-2.6601e-06,-1.9724e-06,-1.4188e-06,-1.0083e-06,-7.4738e-07,-6.3956e-07,-6.8549e-07,-8.8281e-07,-1.2262e-06,-1.7077e-06,-2.3169e-06,-3.0414e-06,-3.8675e-06,-4.7807e-06,-5.7658e-06,-6.8085e-06,-7.8947e-06,-9.0074e-06,-1.0067e-05
-9.4245e-06,-9.9794e-06,-1.0524e-05,-1.1022e-05,-1.1476e-05,-1.1892e-05,-1.2276e-05,-1.2634e-05,-1.2971e-05,-1.3293e-05,-1.3605e-05,-1.3912e-05,-1.4218e-05,-1.4527e-05,-1.4843e-05,-1.5167e-05,-1.5503e-05,-1.5852e-05,-1.6216e-05,-1.6595e-05,-1.6991e-05,-1.7404e-05,-1.7832e-05,-1.8277e-05,-1.8736e-05,-1.9209e-05,-1.9694e-05,-2.0189e-05,-2.0692e-05,-2.1201e-05,-2.1712e-05,-2.2222e-05,-2.2729e-05,-2.3227e-05,-2.3714e-05,-2.4185e-05,-2.4635e-05,-2.5059e-05,-2.5454e-05,-2.5812e-05,-2.613e-05,-2.6402e-05,-2.6622e-05,-2.6785e-05,-2.6885e-05,-2.6919e-05,-2.6879e-05,-2.6762e-05,-2.6564e-05,-2.628e-05,-2.5907e-05,-2.5443e-05,-2.4885e-05,-2.4233e-05,-2.3488e-05,-2.265e-05,-2.1724e-05,-2.0712e-05,-1.9621e-05,-1.8459e-05,-1.7233e-05,-1.5955e-05,-1.4638e-05,-1.3294e-05,-1.1939e-05,-1.0589e-05,-9.2619e-06,-7.9755e-06,-6.7483e-06,-5.5986e-06,-4.5444e-06,-3.6024e-06,-2.7882e-06,-2.1153e-06,-1.5947e-06,-1.2348e-06,-1.0409e-06,-1.0147e-06,-1.1551e-06,-1.4571e-06,-1.913e-06,-2.5121e-06,-3.2416e-06,-4.0867e-06,-5.0316e-06,-6.0602e-06,-7.1564e-06,-8.3051e-06,-9.4877e-06,-1.0618e-05
-1.0615e-05,-1.1166e-05,-1.1707e-05,-1.2204e-05,-1.2658e-05,-1.3074e-05,-1.3459e-05,-1.3819e-05,-1.416e-05,-1.4487e-05,-1.4806e-05,-1.512e-05,-1.5436e-05,-1.5755e-05,-1.6083e-05,-1.6422e-05,-1.6773e-05,-1.714e-05,-1.7523e-05,-1.7924e-05,-1.8344e-05,-1.8782e-05,-1.9238e-05,-1.9712e-05,-2.0203e-05,-2.071e-05,-2.1231e-05,-2.1764e-05,-2.2307e-05,-2.2858e-05,-2.3413e-05,-2.397e-05,-2.4524e-05,-2.5072e-05,-2.5609e-05,-2.6132e-05,-2.6635e-05,-2.7114e-05,-2.7562e-05,-2.7975e-05,-2.8347e-05,-2.8673e-05,-2.8945e-05,-2.9159e-05,-2.9309e-05,-2.9389e-05,-2.9392e-05,-2.9315e-05,-2.9151e-05,-2.8897e-05,-2.8548e-05,-2.81e-05,-2.7552e-05,-2.6902e-05,-2.6149e-05,-2.5295e-05,-2.4341e-05,-2.3292e-05,-2.2153e-05,-2.093e-05,-1.9633e-05,-1.8273e-05,-1.6861e-05,-1.5412e-05,-1.3943e-05,-1.2469e-05,-1.1011e-05,-9.5863e-06,-8.2167e-06,-6.9221e-06,-5.7225e-06,-4.6373e-06,-3.6841e-06,-2.879e-06,-2.2353e-06,-1.7636e-06,-1.471e-06,-1.3611e-06,-1.4337e-06,-1.6848e-06,-2.107e-06,-2.6894e-06,-3.4187e-06,-4.2792e-06,-5.254e-06,-6.3254e-06,-7.4761e-06,-8.6893e-06,-9.9448e-06,-1.115e-05
-1.1861e-05,-1.2408e-05,-1.2946e-05,-1.344e-05,-1.3892e-05,-1.4308e-05,-1.4695e-05,-1.5057e-05,-1.5401e-05,-1.5732e-05,-1.6057e-05,-1.6379e-05,-1.6703e-05,-1.7033e-05,-1.7372e-05,-1.7725e-05,-1.8092e-05,-1.8476e-05,-1.8878e-05,-1.9301e-05,-1.9743e-05,-2.0206e-05,-2.069e-05,-2.1194e-05,-2.1717e-05,-2.2258e-05,-2.2816e-05,-2.3388e-05,-2.3972e-05,-2.4566e-05,-2.5166e-05,-2.577e-05,-2.6373e-05,-2.6972e-05,-2.7563e-05,-2.814e-05,-2.8698e-05,-2.9233e-05,-2.9739e-05,-3.0209e-05,-3.0639e-05,-3.1022e-05,-3.1351e-05,-3.162e-05,-3.1822e-05,-3.1952e-05,-3.2004e-05,-3.197e-05,-3.1846e-05,-3.1627e-05,-3.1306e-05,-3.0881e-05,-3.0348e-05,-2.9704e-05,-2.8949e-05,-2.8082e-05,-2.7105e-05,-2.6022e-05,-2.4837e-05,-2.3557e-05,-2.2191e-05,-2.0748e-05,-1.9242e-05,-1.7688e-05,-1.61e-05,-1.4499e-05,-1.2903e-05,-1.1334e-05,-9.814e-06,-8.3648e-06,-7.0091e-06,-5.7686e-06,-4.6637e-06,-3.713e-06,-2.9325e-06,-2.3353e-06,-1.9308e-06,-1.7244e-06,-1.7175e-06,-1.9072e-06,-2.2865e-06,-2.8447e-06,-3.5679e-06,-4.4397e-06,-5.4417e-06,-6.555e-06,-7.7606e-06,-9.0401e-06,-1.0372e-05,-1.1656e-05
-1.3161e-05,-1.3703e-05,-1.4237e-05,-1.4728e-05,-1.5178e-05,-1.5594e-05,-1.5981e-05,-1.6345e-05,-1.6691e-05,-1.7027e-05,-1.7357e-05,-1.7685e-05,-1.8018e-05,-1.8357e-05,-1.8708e-05,-1.9074e-05,-1.9456e-05,-1.9856e-05,-2.0278e-05,-2.0721e-05,-2.1186e-05,-2.1675e-05,-2.2186e-05,-2.2719e-05,-2.3274e-05,-2.385e-05,-2.4444e-05,-2.5055e-05,-2.5681e-05,-2.6318e-05,-2.6965e-05,-2.7617e-05,-2.8271e-05,-2.8922e-05,-2.9567e-05,-3.02e-05,-3.0816e-05,-3.141e-05,-3.1975e-05,-3.2506e-05,-3.2996e-05,-3.3439e-05,-3.3828e-05,-3.4156e-05,-3.4416e-05,-3.4601e-05,-3.4704e-05,-3.472e-05,-3.464e-05,-3.446e-05,-3.4173e-05,-3.3776e-05,-3.3262e-05,-3.263e-05,-3.1878e-05,-3.1004e-05,-3.0009e-05,-2.8896e-05,-2.767e-05,-2.6336e-05,-2.4902e-05,-2.3379e-05,-2.1779e-05,-2.0118e-05,-1.8411e-05,-1.6679e-05,-1.4941e-05,-1.3221e-05,-1.1543e-05,-9.9295e-06,-8.4071e-06,-6.9994e-06,-5.7298e-06,-4.6198e-06,-3.6884e-06,-2.9513e-06,-2.4207e-06,-2.1042e-06,-2.005e-06,-2.1216e-06,-2.4478e-06,-2.9733e-06,-3.6836e-06,-4.5616e-06,-5.5878e-06,-6.7415e-06,-8.0021e-06,-9.3496e-06,-1.076e-05,-1.2127e-05
-1.4515e-05,-1.5051e-05,-1.558e-05,-1.6067e-05,-1.6516e-05,-1.693e-05,-1.7317e-05,-1.7682e-05,-1.8031e-05,-1.837e-05,-1.8704e-05,-1.9039e-05,-1.9379e-05,-1.9728e-05,-2.0089e-05,-2.0467e-05,-2.0863e-05,-2.1279e-05,-2.1719e-05,-2.2182e-05,-2.2669e-05,-2.3182e-05,-2.372e-05,-2.4283e-05,-2.4869e-05,-2.5479e-05,-2.611e-05,-2.676e-05,-2.7428e-05,-2.8109e-05,-2.8803e-05,-2.9504e-05,-3.0209e-05,-3.0914e-05,-3.1615e-05,-3.2305e-05,-3.2981e-05,-3.3635e-05,-3.4262e-05,-3.4856e-05,-3.541e-05,-3.5916e-05,-3.6368e-05,-3.6758e-05,-3.7079e-05,-3.7324e-05,-3.7483e-05,-3.7552e-05,-3.7521e-05,-3.7386e-05,-3.7138e-05,-3.6773e-05,-3.6286e-05,-3.5671e-05,-3.4926e-05,-3.405e-05,-3.3043e-05,-3.1906e-05,-3.0642e-05,-2.9257e-05,-2.776e-05,-2.6159e-05,-2.4467e-05,-2.2699e-05,-2.0872e-05,-1.9006e-05,-1.7123e-05,-1.5247e-05,-1.3403e-05,-1.1617e-05,-9.9178e-06,-8.3314e-06,-6.8843e-06,-5.6011e-06,-4.504e-06,-3.6121e-06,-2.9403e-06,-2.499e-06,-2.2937e-06,-2.3246e-06,-2.5866e-06,-3.0696e-06,-3.7594e-06,-4.6379e-06,-5.6843e-06,-6.8764e-06,-8.1918e-06,-9.6085e-06,-1.1101e-05,-1.2554e-05
-1.5921e-05,-1.645e-05,-1.6974e-05,-1.7457e-05,-1.7902e-05,-1.8315e-05,-1.8701e-05,-1.9067e-05,-1.9418e-05,-1.976e-05,-2.0098e-05,-2.0438e-05,-2.0784e-05,-2.1141e-05,-2.1512e-05,-2.1901e-05,-2.231e-05,-2.2741e-05,-2.3198e-05,-2.368e-05,-2.4188e-05,-2.4725e-05,-2.5289e-05,-2.588e-05,-2.6497e-05,-2.714e-05,-2.7808e-05,-2.8497e-05,-2.9206e-05,-2.9932e-05,-3.0672e-05,-3.1423e-05,-3.218e-05,-3.294e-05,-3.3697e-05,-3.4446e-05,-3.5182e-05,-3.5899e-05,-3.659e-05,-3.7249e-05,-3.7869e-05,-3.8441e-05,-3.8959e-05,-3.9415e-05,-3.9801e-05,-4.0108e-05,-4.0328e-05,-4.0454e-05,-4.0477e-05,-4.0391e-05,-4.0188e-05,-3.9861e-05,-3.9404e-05,-3.8812e-05,-3.8081e-05,-3.7209e-05,-3.6194e-05,-3.5038e-05,-3.3742e-05,-3.2312e-05,-3.0754e-05,-2.9079e-05,-2.7297e-05,-2.5424e-05,-2.3477e-05,-2.1477e-05,-1.9446e-05,-1.7409e-05,-1.5393e-05,-1.3427e-05,-1.1541e-05,-9.7649e-06,-8.1275e-06,-6.6571e-06,-5.3795e-06,-4.3172e-06,-3.4885e-06,-2.907e-06,-2.5808e-06,-2.5121e-06,-2.6974e-06,-3.1275e-06,-3.7879e-06,-4.6601e-06,-5.7221e-06,-6.9501e-06,-8.3196e-06,-9.8067e-06,-1.1383e-05,-1.2927e-05
-1.7377e-05,-1.7899e-05,-1.8417e-05,-1.8895e-05,-1.9338e-05,-1.9748e-05,-2.0133e-05,-2.0499e-05,-2.0851e-05,-2.1195e-05,-2.1536e-05,-2.188e-05,-2.2232e-05,-2.2596e-05,-2.2975e-05,-2.3373e-05,-2.3794e-05,-2.4239e-05,-2.4711e-05,-2.521e-05,-2.5739e-05,-2.6298e-05,-2.6886e-05,-2.7505e-05,-2.8152e-05,-2.8828e-05,-2.953e-05,-3.0258e-05,-3.1008e-05,-3.1778e-05,-3.2565e-05,-3.3365e-05,-3.4175e-05,-3.4989e-05,-3.5803e-05,-3.6612e-05,-3.741e-05,-3.8191e-05,-3.8948e-05,-3.9674e-05,-4.0361e-05,-4.1002e-05,-4.1589e-05,-4.2113e-05,-4.2566e-05,-4.294e-05,-4.3225e-05,-4.3412e-05,-4.3494e-05,-4.3461e-05,-4.3307e-05,-4.3023e-05,-4.2603e-05,-4.2039e-05,-4.1328e-05,-4.0466e-05,-3.9449e-05,-3.828e-05,-3.6957e-05,-3.5487e-05,-3.3874e-05,-3.2128e-05,-3.026e-05,-2.8284e-05,-2.6219e-05,-2.4084e-05,-2.1903e-05,-1.9702e-05,-1.7509e-05,-1.5356e-05,-1.3275e-05,-1.1298e-05,-9.458e-06,-7.7867e-06,-6.3136e-06,-5.065e-06,-4.0632e-06,-3.3251e-06,-2.8622e-06,-2.6791e-06,-2.7743e-06,-3.1395e-06,-3.7608e-06,-4.6191e-06,-5.6912e-06,-6.9518e-06,-8.3742e-06,-9.9325e-06,-1.1596e-05,-1.3233e-05
-1.888e-05,-1.9396e-05,-1.9907e-05,-2.0381e-05,-2.082e-05,-2.1228e-05,-2.1612e-05,-2.1977e-05,-2.2329e-05,-2.2674e-05,-2.3017e-05,-2.3364e-05,-2.372e-05,-2.4089e-05,-2.4475e-05,-2.4881e-05,-2.5312e-05,-2.5769e-05,-2.6254e-05,-2.6769e-05,-2.7316e-05,-2.7895e-05,-2.8507e-05,-2.9151e-05,-2.9827e-05,-3.0534e-05,-3.1271e-05,-3.2036e-05,-3.2826e-05,-3.3639e-05,-3.4473e-05,-3.5322e-05,-3.6184e-05,-3.7053e-05,-3.7925e-05,-3.8794e-05,-3.9654e-05,-4.05e-05,-4.1323e-05,-4.2117e-05,-4.2874e-05,-4.3585e-05,-4.4243e-05,-4.4839e-05,-4.5362e-05,-4.5805e-05,-4.6158e-05,-4.641e-05,-4.6554e-05,-4.658e-05,-4.6479e-05,-4.6244e-05,-4.5865e-05,-4.5336e-05,-4.465e-05,-4.3803e-05,-4.2791e-05,-4.1614e-05,-4.0271e-05,-3.8766e-05,-3.7104e-05,-3.5292e-05,-3.3342e-05,-3.1267e-05,-2.9085e-05,-2.6816e-05,-2.4485e-05,-2.2118e-05,-1.9745e-05,-1.7399e-05,-1.5115e-05,-1.2927e-05,-1.0873e-05,-8.987e-06,-7.3034e-06,-5.8525e-06,-4.6607e-06,-3.7492e-06,-3.1328e-06,-2.8194e-06,-2.8098e-06,-3.0973e-06,-3.6686e-06,-4.5042e-06,-5.5802e-06,-6.8693e-06,-8.3429e-06,-9.9727e-06,-1.1725e-05,-1.346e-05
-2.043e-05,-2.0939e-05,-2.1444e-05,-2.1913e-05,-2.2348e-05,-2.2754e-05,-2.3135e-05,-2.3499e-05,-2.385e-05,-2.4195e-05,-2.4539e-05,-2.4888e-05,-2.5246e-05,-2.5618e-05,-2.6009e-05,-2.6422e-05,-2.686e-05,-2.7326e-05,-2.7823e-05,-2.8352e-05,-2.8915e-05,-2.9513e-05,-3.0145e-05,-3.0813e-05,-3.1516e-05,-3.2253e-05,-3.3022e-05,-3.3823e-05,-3.4652e-05,-3.5507e-05,-3.6386e-05,-3.7284e-05,-3.8197e-05,-3.912e-05,-4.005e-05,-4.0979e-05,-4.1902e-05,-4.2813e-05,-4.3703e-05,-4.4566e-05,-4.5394e-05,-4.6177e-05,-4.6908e-05,-4.7576e-05,-4.8173e-05,-4.8688e-05,-4.9111e-05,-4.9432e-05,-4.9642e-05,-4.973e-05,-4.9687e-05,-4.9504e-05,-4.9172e-05,-4.8682e-05,-4.8027e-05,-4.7201e-05,-4.6201e-05,-4.5022e-05,-4.3665e-05,-4.2132e-05,-4.0426e-05,-3.8554e-05,-3.6527e-05,-3.4357e-05,-3.2062e-05,-2.9662e-05,-2.7181e-05,-2.4647e-05,-2.2091e-05,-1.9547e-05,-1.7053e-05,-1.4646e-05,-1.2366e-05,-1.0253e-05,-8.3443e-06,-6.675e-06,-5.2762e-06,-4.1736e-06,-3.3862e-06,-2.9257e-06,-2.7956e-06,-2.9912e-06,-3.5004e-06,-4.3036e-06,-5.3761e-06,-6.6889e-06,-8.2114e-06,-9.9127e-06,-1.1756e-05,-1.3593e-05
-2.2025e-05,-2.2526e-05,-2.3026e-05,-2.349e-05,-2.3921e-05,-2.4324e-05,-2.4703e-05,-2.5064e-05,-2.5414e-05,-2.5757e-05,-2.61e-05,-2.6449e-05,-2.6807e-05,-2.7181e-05,-2.7574e-05,-2.7991e-05,-2.8434e-05,-2.8907e-05,-2.9413e-05,-2.9953e-05,-3.053e-05,-3.1143e-05,-3.1795e-05,-3.2484e-05,-3.3211e-05,-3.3976e-05,-3.4776e-05,-3.561e-05,-3.6477e-05,-3.7372e-05,-3.8295e-05,-3.924e-05,-4.0203e-05,-4.1181e-05,-4.2167e-05,-4.3156e-05,-4.4141e-05,-4.5117e-05,-4.6075e-05,-4.7008e-05,-4.7907e-05,-4.8763e-05,-4.9567e-05,-5.031e-05,-5.0981e-05,-5.157e-05,-5.2067e-05,-5.2459e-05,-5.2738e-05,-5.2892e-05,-5.2911e-05,-5.2784e-05,-5.2503e-05,-5.2058e-05,-5.1439e-05,-5.064e-05,-4.9656e-05,-4.8483e-05,-4.7118e-05,-4.5563e-05,-4.3819e-05,-4.1893e-05,-3.9795e-05,-3.7535e-05,-3.5131e-05,-3.2603e-05,-2.9975e-05,-2.7274e-05,-2.4534e-05,-2.1789e-05,-1.9079e-05,-1.6445e-05,-1.393e-05,-1.1578e-05,-9.4295e-06,-7.5258e-06,-5.9028e-06,-4.5912e-06,-3.6146e-06,-2.9891e-06,-2.7216e-06,-2.8101e-06,-3.2439e-06,-4.0039e-06,-5.0645e-06,-6.3955e-06,-7.9638e-06,-9.736e-06,-1.1673e-05,-1.3614e-05
-2.3661e-05,-2.4157e-05,-2.465e-05,-2.511e-05,-2.5538e-05,-2.5937e-05,-2.6313e-05,-2.6671e-05,-2.7018e-05,-2.7359e-05,-2.7699e-05,-2.8045e-05,-2.8402e-05,-2.8774e-05,-2.9167e-05,-2.9585e-05,-3.003e-05,-3.0508e-05,-3.1019e-05,-3.1567e-05,-3.2154e-05,-3.2781e-05,-3.3448e-05,-3.4156e-05,-3.4905e-05,-3.5694e-05,-3.6523e-05,-3.7389e-05,-3.829e-05,-3.9225e-05,-4.0189e-05,-4.118e-05,-4.2192e-05,-4.3222e-05,-4.4264e-05,-4.5312e-05,-4.6359e-05,-4.7399e-05,-4.8425e-05,-4.9427e-05,-5.0397e-05,-5.1327e-05,-5.2206e-05,-5.3024e-05,-5.3771e-05,-5.4436e-05,-5.5007e-05,-5.5473e-05,-5.5824e-05,-5.6046e-05,-5.6129e-05,-5.6063e-05,-5.5837e-05,-5.5441e-05,-5.4863e-05,-5.4097e-05,-5.3135e-05,-5.1973e-05,-5.0606e-05,-4.9035e-05,-4.7261e-05,-4.5288e-05,-4.3124e-05,-4.078e-05,-3.8273e-05,-3.5621e-05,-3.2848e-05,-2.9983e-05,-2.7058e-05,-2.411e-05,-2.1181e-05,-1.8314e-05,-1.5554e-05,-1.2951e-05,-1.055e-05,-8.3962e-06,-6.5318e-06,-4.9928e-06,-3.8083e-06,-2.9991e-06,-2.5764e-06,-2.5414e-06,-2.8852e-06,-3.5898e-06,-4.6293e-06,-5.9718e-06,-7.5822e-06,-9.4242e-06,-1.1455e-05,-1.3505e-05
-2.5339e-05,-2.5828e-05,-2.6317e-05,-2.6773e-05,-2.7197e-05,-2.7592e-05,-2.7965e-05,-2.8319e-05,-2.8662e-05,-2.8998e-05,-2.9334e-05,-2.9675e-05,-3.0027e-05,-3.0396e-05,-3.0785e-05,-3.12e-05,-3.1645e-05,-3.2122e-05,-3.2636e-05,-3.3189e-05,-3.3782e-05,-3.4418e-05,-3.5098e-05,-3.5821e-05,-3.6589e-05,-3.74e-05,-3.8254e-05,-3.9149e-05,-4.0083e-05,-4.1054e-05,-4.2058e-05,-4.3092e-05,-4.4152e-05,-4.5233e-05,-4.6329e-05,-4.7434e-05,-4.8542e-05,-4.9646e-05,-5.0738e-05,-5.1809e-05,-5.2851e-05,-5.3854e-05,-5.4807e-05,-5.5701e-05,-5.6525e-05,-5.7266e-05,-5.7913e-05,-5.8455e-05,-5.8878e-05,-5.9172e-05,-5.9323e-05,-5.932e-05,-5.9152e-05,-5.8808e-05,-5.8276e-05,-5.7547e-05,-5.6613e-05,-5.5467e-05,-5.4105e-05,-5.2524e-05,-5.0726e-05,-4.8712e-05,-4.6489e-05,-4.4068e-05,-4.1463e-05,-3.8692e-05,-3.5779e-05,-3.2752e-05,-2.9644e-05,-2.6493e-05,-2.3341e-05,-2.0235e-05,-1.7224e-05,-1.436e-05,-1.1693e-05,-9.2745e-06,-7.1519e-06,-5.3672e-06,-3.9555e-06,-2.9433e-06,-2.3465e-06,-2.1703e-06,-2.4086e-06,-3.0446e-06,-4.0523e-06,-5.3988e-06,-7.0467e-06,-8.9569e-06,-1.1083e-05,-1.3244e-05
-2.7055e-05,-2.754e-05,-2.8025e-05,-2.8477e-05,-2.8898e-05,-2.929e-05,-2.9658e-05,-3.0008e-05,-3.0345e-05,-3.0675e-05,-3.1003e-05,-3.1337e-05,-3.1681e-05,-3.2042e-05,-3.2424e-05,-3.2833e-05,-3.3272e-05,-3.3747e-05,-3.4259e-05,-3.4812e-05,-3.5408e-05,-3.605e-05,-3.6738e-05,-3.7473e-05,-3.8255e-05,-3.9085e-05,-3.9961e-05,-4.0882e-05,-4.1846e-05,-4.285e-05,-4.3891e-05,-4.4967e-05,-4.6071e-05,-4.7201e-05,-4.8349e-05,-4.951e-05,-5.0677e-05,-5.1843e-05,-5.3001e-05,-5.414e-05,-5.5252e-05,-5.6327e-05,-5.7355e-05,-5.8325e-05,-5.9224e-05,-6.0042e-05,-6.0767e-05,-6.1384e-05,-6.1882e-05,-6.2248e-05,-6.2469e-05,-6.2531e-05,-6.2424e-05,-6.2136e-05,-6.1654e-05,-6.0966e-05,-6.0064e-05,-5.8939e-05,-5.7587e-05,-5.6003e-05,-5.4186e-05,-5.2138e-05,-4.9863e-05,-4.7371e-05,-4.4674e-05,-4.179e-05,-3.8742e-05,-3.5557e-05,-3.2268e-05,-2.8915e-05,-2.5539e-05,-2.2191e-05,-1.8922e-05,-1.5788e-05,-1.2844e-05,-1.0147e-05,-7.7494e-06,-5.7007e-06,-4.0424e-06,-2.8071e-06,-2.0165e-06,-1.6805e-06,-1.7963e-06,-2.3491e-06,-3.3134e-06,-4.6552e-06,-6.3352e-06,-8.3113e-06,-1.0534e-05,-1.2809e-05
-2.8808e-05,-2.929e-05,-2.9773e-05,-3.0223e-05,-3.0641e-05,-3.1029e-05,-3.1393e-05,-3.1736e-05,-3.2066e-05,-3.2387e-05,-3.2706e-05,-3.3029e-05,-3.3362e-05,-3.3711e-05,-3.4082e-05,-3.448e-05,-3.4909e-05,-3.5375e-05,-3.5881e-05,-3.643e-05,-3.7024e-05,-3.7667e-05,-3.8359e-05,-3.9102e-05,-3.9895e-05,-4.0739e-05,-4.1634e-05,-4.2577e-05,-4.3567e-05,-4.4602e-05,-4.5677e-05,-4.6791e-05,-4.7938e-05,-4.9113e-05,-5.0311e-05,-5.1526e-05,-5.2751e-05,-5.3977e-05,-5.5198e-05,-5.6404e-05,-5.7585e-05,-5.8732e-05,-5.9833e-05,-6.0877e-05,-6.1853e-05,-6.2747e-05,-6.3548e-05,-6.4242e-05,-6.4815e-05,-6.5254e-05,-6.5545e-05,-6.5675e-05,-6.5631e-05,-6.5401e-05,-6.497e-05,-6.4327e-05,-6.3461e-05,-6.2363e-05,-6.1026e-05,-5.9444e-05,-5.7614e-05,-5.5538e-05,-5.3218e-05,-5.0661e-05,-4.7879e-05,-4.4888e-05,-4.171e-05,-3.8372e-05,-3.4906e-05,-3.1351e-05,-2.7753e-05,-2.416e-05,-2.0628e-05,-1.7216e-05,-1.3985e-05,-1.0995e-05,-8.3076e-06,-5.977e-06,-4.0524e-06,-2.5736e-06,-1.5687e-06,-1.053e-06,-1.0282e-06,-1.482e-06,-2.3899e-06,-3.7175e-06,-5.4231e-06,-7.4622e-06,-9.7807e-06,-1.2173e-05
-3.0598e-05,-3.1079e-05,-3.156e-05,-3.2009e-05,-3.2425e-05,-3.281e-05,-3.3168e-05,-3.3504e-05,-3.3824e-05,-3.4134e-05,-3.444e-05,-3.4748e-05,-3.5066e-05,-3.5399e-05,-3.5754e-05,-3.6136e-05,-3.6551e-05,-3.7003e-05,-3.7497e-05,-3.8036e-05,-3.8624e-05,-3.9263e-05,-3.9954e-05,-4.0699e-05,-4.1499e-05,-4.2354e-05,-4.3263e-05,-4.4224e-05,-4.5237e-05,-4.6298e-05,-4.7405e-05,-4.8554e-05,-4.974e-05,-5.0959e-05,-5.2204e-05,-5.347e-05,-5.4749e-05,-5.6034e-05,-5.7317e-05,-5.8587e-05,-5.9835e-05,-6.1051e-05,-6.2224e-05,-6.3342e-05,-6.4393e-05,-6.5363e-05,-6.6239e-05,-6.7009e-05,-6.7657e-05,-6.8169e-05,-6.8531e-05,-6.8729e-05,-6.8748e-05,-6.8578e-05,-6.8201e-05,-6.7605e-05,-6.6778e-05,-6.571e-05,-6.4391e-05,-6.2816e-05,-6.098e-05,-5.888e-05,-5.6521e-05,-5.3905e-05,-5.1045e-05,-4.7953e-05,-4.4652e-05,-4.1165e-05,-3.7527e-05,-3.3774e-05,-2.9954e-05,-2.6116e-05,-2.2318e-05,-1.8622e-05,-1.5094e-05,-1.18e-05,-8.8067e-06,-6.1766e-06,-3.9663e-06,-2.2231e-06,-9.826e-07,-2.6663e-07,-8.1806e-08,-4.195e-07,-1.2569e-06,-2.5592e-06,-4.2833e-06,-6.3815e-06,-8.7959e-06,-1.1308e-05
-3.2422e-05,-3.2904e-05,-3.3387e-05,-3.3837e-05,-3.4251e-05,-3.4632e-05,-3.4985e-05,-3.5312e-05,-3.562e-05,-3.5916e-05,-3.6205e-05,-3.6494e-05,-3.6792e-05,-3.7104e-05,-3.7437e-05,-3.7797e-05,-3.8191e-05,-3.8624e-05,-3.9101e-05,-3.9625e-05,-4.02e-05,-4.0829e-05,-4.1514e-05,-4.2257e-05,-4.3059e-05,-4.3919e-05,-4.4838e-05,-4.5813e-05,-4.6845e-05,-4.7929e-05,-4.9063e-05,-5.0244e-05,-5.1466e-05,-5.2725e-05,-5.4015e-05,-5.5329e-05,-5.666e-05,-5.8001e-05,-5.9342e-05,-6.0674e-05,-6.1988e-05,-6.3272e-05,-6.4514e-05,-6.5704e-05,-6.6827e-05,-6.7871e-05,-6.8823e-05,-6.9666e-05,-7.0388e-05,-7.0973e-05,-7.1406e-05,-7.1672e-05,-7.1755e-05,-7.1643e-05,-7.1322e-05,-7.0775e-05,-6.9989e-05,-6.8953e-05,-6.7656e-05,-6.6091e-05,-6.4252e-05,-6.2135e-05,-5.9741e-05,-5.7073e-05,-5.4139e-05,-5.0954e-05,-4.7534e-05,-4.3906e-05,-4.0099e-05,-3.6153e-05,-3.2112e-05,-2.8029e-05,-2.3963e-05,-1.9979e-05,-1.6146e-05,-1.2537e-05,-9.2236e-06,-6.277e-06,-3.7616e-06,-1.733e-06,-2.3518e-07,7.0279e-07,1.0681e-06,8.6493e-07,1.137e-07,-1.1513e-06,-2.8854e-06,-5.0383e-06,-7.5477e-06,-1.0181e-05
-3.428e-05,-3.4767e-05,-3.5254e-05,-3.5706e-05,-3.612e-05,-3.6498e-05,-3.6844e-05,-3.716e-05,-3.7454e-05,-3.7732e-05,-3.8e-05,-3.8266e-05,-3.8537e-05,-3.8822e-05,-3.9127e-05,-3.946e-05,-3.9827e-05,-4.0234e-05,-4.0686e-05,-4.1188e-05,-4.1745e-05,-4.2359e-05,-4.3032e-05,-4.3767e-05,-4.4565e-05,-4.5425e-05,-4.6349e-05,-4.7334e-05,-4.838e-05,-4.9483e-05,-5.0641e-05,-5.1849e-05,-5.3104e-05,-5.44e-05,-5.5731e-05,-5.709e-05,-5.847e-05,-5.9864e-05,-6.1261e-05,-6.2653e-05,-6.4029e-05,-6.5378e-05,-6.6688e-05,-6.7947e-05,-6.9141e-05,-7.0257e-05,-7.1281e-05,-7.2197e-05,-7.2991e-05,-7.3647e-05,-7.4149e-05,-7.4482e-05,-7.4629e-05,-7.4576e-05,-7.4309e-05,-7.3811e-05,-7.3067e-05,-7.2064e-05,-7.0792e-05,-6.924e-05,-6.74e-05,-6.5269e-05,-6.2845e-05,-6.0129e-05,-5.7129e-05,-5.3854e-05,-5.0323e-05,-4.6558e-05,-4.2588e-05,-3.8452e-05,-3.4194e-05,-2.9867e-05,-2.5532e-05,-2.1256e-05,-1.7112e-05,-1.3177e-05,-9.5315e-06,-6.2522e-06,-3.4127e-06,-1.0777e-06,6.9984e-07,1.8824e-06,2.4498e-06,2.4009e-06,1.7527e-06,5.3849e-07,-1.1963e-06,-3.3983e-06,-6.0014e-06,-8.7591e-06
-3.6172e-05,-3.6668e-05,-3.7162e-05,-3.7619e-05,-3.8034e-05,-3.8409e-05,-3.8747e-05,-3.9051e-05,-3.9327e-05,-3.9583e-05,-3.9825e-05,-4.0061e-05,-4.0301e-05,-4.0551e-05,-4.0822e-05,-4.1119e-05,-4.1452e-05,-4.1825e-05,-4.2247e-05,-4.272e-05,-4.3251e-05,-4.3843e-05,-4.4498e-05,-4.5219e-05,-4.6007e-05,-4.6863e-05,-4.7787e-05,-4.8777e-05,-4.9832e-05,-5.0949e-05,-5.2127e-05,-5.3359e-05,-5.4643e-05,-5.5972e-05,-5.734e-05,-5.8742e-05,-6.0168e-05,-6.1611e-05,-6.3062e-05,-6.451e-05,-6.5946e-05,-6.7357e-05,-6.8731e-05,-7.0056e-05,-7.1319e-05,-7.2504e-05,-7.3597e-05,-7.4584e-05,-7.5447e-05,-7.6172e-05,-7.6741e-05,-7.7139e-05,-7.7348e-05,-7.7353e-05,-7.714e-05,-7.669e-05,-7.5988e-05,-7.5019e-05,-7.3771e-05,-7.2233e-05,-7.0396e-05,-6.8253e-05,-6.5802e-05,-6.3042e-05,-5.9979e-05,-5.662e-05,-5.2982e-05,-4.9085e-05,-4.4957e-05,-4.0636e-05,-3.6164e-05,-3.1596e-05,-2.6991e-05,-2.242e-05,-1.7959e-05,-1.3691e-05,-9.7001e-06,-6.0726e-06,-2.8904e-06,-2.2791e-07,1.8521e-06,3.3025e-06,4.0949e-06,4.2213e-06,3.6945e-06,2.5458e-06,8.2108e-07,-1.4239e-06,-4.1186e-06,-7.002e-06
-3.8099e-05,-3.8608e-05,-3.9113e-05,-3.9577e-05,-3.9996e-05,-4.0368e-05,-4.0696e-05,-4.0985e-05,-4.124e-05,-4.1469e-05,-4.1679e-05,-4.188e-05,-4.208e-05,-4.2289e-05,-4.2517e-05,-4.2771e-05,-4.3061e-05,-4.3394e-05,-4.3775e-05,-4.4213e-05,-4.4711e-05,-4.5273e-05,-4.5904e-05,-4.6604e-05,-4.7377e-05,-4.8223e-05,-4.9141e-05,-5.0131e-05,-5.1191e-05,-5.2318e-05,-5.3511e-05,-5.4763e-05,-5.6072e-05,-5.743e-05,-5.8833e-05,-6.0273e-05,-6.1742e-05,-6.3232e-05,-6.4732e-05,-6.6234e-05,-6.7725e-05,-6.9195e-05,-7.0631e-05,-7.202e-05,-7.3347e-05,-7.4598e-05,-7.5758e-05,-7.6812e-05,-7.7742e-05,-7.8532e-05,-7.9166e-05,-7.9626e-05,-7.9895e-05,-7.9955e-05,-7.9793e-05,-7.939e-05,-7.8727e-05,-7.7791e-05,-7.6567e-05,-7.5043e-05,-7.3208e-05,-7.1055e-05,-6.8579e-05,-6.5778e-05,-6.2654e-05,-5.9215e-05,-5.5474e-05,-5.1449e-05,-4.7168e-05,-4.2665e-05,-3.7983e-05,-3.3175e-05,-2.8301e-05,-2.3434e-05,-1.8652e-05,-1.4042e-05,-9.6952e-06,-5.7048e-06,-2.1618e-06,8.4921e-07,3.2547e-06,4.9971e-06,6.0384e-06,6.3627e-06,5.9771e-06,4.9101e-06,3.2073e-06,9.2656e-07,-1.8572e-06,-4.8677e-06
-4.0062e-05,-4.0589e-05,-4.1111e-05,-4.1586e-05,-4.2008e-05,-4.2378e-05,-4.2696e-05,-4.2967e-05,-4.3196e-05,-4.3392e-05,-4.3564e-05,-4.3721e-05,-4.3874e-05,-4.4033e-05,-4.4209e-05,-4.4411e-05,-4.4649e-05,-4.4932e-05,-4.5266e-05,-4.5659e-05,-4.6116e-05,-4.6642e-05,-4.724e-05,-4.7914e-05,-4.8665e-05,-4.9495e-05,-5.0402e-05,-5.1386e-05,-5.2446e-05,-5.358e-05,-5.4783e-05,-5.6051e-05,-5.7381e-05,-5.8766e-05,-6.0199e-05,-6.1674e-05,-6.3182e-05,-6.4714e-05,-6.6261e-05,-6.7813e-05,-6.9357e-05,-7.0883e-05,-7.2376e-05,-7.3825e-05,-7.5213e-05,-7.6527e-05,-7.775e-05,-7.8867e-05,-7.986e-05,-8.0713e-05,-8.1408e-05,-8.1926e-05,-8.2251e-05,-8.2364e-05,-8.2248e-05,-8.1889e-05,-8.1264e-05,-8.0358e-05,-7.9156e-05,-7.7644e-05,-7.5811e-05,-7.3648e-05,-7.1146e-05,-6.8304e-05,-6.5122e-05,-6.1604e-05,-5.7762e-05,-5.3614e-05,-4.9182e-05,-4.4501e-05,-3.9612e-05,-3.4565e-05,-2.9423e-05,-2.4258e-05,-1.9151e-05,-1.4192e-05,-9.4791e-06,-5.1116e-06,-1.19e-06,2.1904e-06,4.9448e-06,7.0041e-06,8.3194e-06,8.8654e-06,8.6425e-06,7.6748e-06,6.0072e-06,3.6991e-06,8.2953e-07,-2.3095e-06
-4.2063e-05,-4.2615e-05,-4.3158e-05,-4.3648e-05,-4.4077e-05,-4.4444e-05,-4.475e-05,-4.4999e-05,-4.5198e-05,-4.5355e-05,-4.548e-05,-4.5585e-05,-4.5681e-05,-4.5781e-05,-4.5895e-05,-4.6035e-05,-4.6211e-05,-4.6434e-05,-4.6711e-05,-4.7051e-05,-4.7459e-05,-4.794e-05,-4.8499e-05,-4.9139e-05,-4.9862e-05,-5.0669e-05,-5.156e-05,-5.2534e-05,-5.3589e-05,-5.4724e-05,-5.5933e-05,-5.7214e-05,-5.8561e-05,-5.9967e-05,-6.1428e-05,-6.2934e-05,-6.4477e-05,-6.6049e-05,-6.764e-05,-6.9237e-05,-7.0831e-05,-7.2409e-05,-7.3957e-05,-7.5461e-05,-7.6907e-05,-7.8279e-05,-7.9562e-05,-8.0738e-05,-8.179e-05,-8.2701e-05,-8.3452e-05,-8.4025e-05,-8.4402e-05,-8.4563e-05,-8.4491e-05,-8.417e-05,-8.3579e-05,-8.2699e-05,-8.1516e-05,-8.0013e-05,-7.8179e-05,-7.6002e-05,-7.3474e-05,-7.059e-05,-6.7349e-05,-6.3753e-05,-5.9812e-05,-5.554e-05,-5.096e-05,-4.6103e-05,-4.1007e-05,-3.5724e-05,-3.0314e-05,-2.485e-05,-1.9414e-05,-1.41e-05,-9.0102e-06,-4.252e-06,6.5515e-08,3.8363e-06,6.9636e-06,9.3655e-06,1.0981e-05,1.1774e-05,1.1737e-05,1.0888e-05,9.2704e-06,6.9442e-06,3.9927e-06,7.2406e-07
-4.4106e-05,-4.469e-05,-4.5262e-05,-4.5771e-05,-4.6208e-05,-4.6572e-05,-4.6864e-05,-4.7087e-05,-4.7249e-05,-4.7359e-05,-4.7429e-05,-4.7472e-05,-4.7501e-05,-4.7529e-05,-4.757e-05,-4.7637e-05,-4.7741e-05,-4.7894e-05,-4.8104e-05,-4.8381e-05,-4.873e-05,-4.9159e-05,-4.9671e-05,-5.0271e-05,-5.0959e-05,-5.1738e-05,-5.2606e-05,-5.3565e-05,-5.4611e-05,-5.5741e-05,-5.6953e-05,-5.8242e-05,-5.9602e-05,-6.1028e-05,-6.2511e-05,-6.4045e-05,-6.5621e-05,-6.7229e-05,-6.8859e-05,-7.0499e-05,-7.2139e-05,-7.3765e-05,-7.5363e-05,-7.6919e-05,-7.8419e-05,-7.9846e-05,-8.1183e-05,-8.2414e-05,-8.352e-05,-8.4485e-05,-8.5288e-05,-8.591e-05,-8.6333e-05,-8.6538e-05,-8.6504e-05,-8.6217e-05,-8.5654e-05,-8.4796e-05,-8.3626e-05,-8.2129e-05,-8.0289e-05,-7.8095e-05,-7.5537e-05,-7.2608e-05,-6.9305e-05,-6.5629e-05,-6.1587e-05,-5.7192e-05,-5.2463e-05,-4.743e-05,-4.2129e-05,-3.6609e-05,-3.093e-05,-2.5165e-05,-1.9396e-05,-1.372e-05,-8.2439e-06,-3.0814e-06,1.6495e-06,5.8319e-06,9.3564e-06,1.2128e-05,1.4071e-05,1.5139e-05,1.5312e-05,1.4603e-05,1.3051e-05,1.0718e-05,7.6888e-06,4.2895e-06
-4.6196e-05,-4.6822e-05,-4.7429e-05,-4.7962e-05,-4.8411e-05,-4.8772e-05,-4.9046e-05,-4.9237e-05,-4.9355e-05,-4.9409e-05,-4.9413e-05,-4.9382e-05,-4.9331e-05,-4.9276e-05,-4.9232e-05,-4.9213e-05,-4.9234e-05,-4.9305e-05,-4.9437e-05,-4.9641e-05,-4.9923e-05,-5.0291e-05,-5.0748e-05,-5.1299e-05,-5.1946e-05,-5.2691e-05,-5.3532e-05,-5.447e-05,-5.5502e-05,-5.6625e-05,-5.7835e-05,-5.9128e-05,-6.0498e-05,-6.1938e-05,-6.3442e-05,-6.5e-05,-6.6605e-05,-6.8246e-05,-6.9912e-05,-7.1592e-05,-7.3274e-05,-7.4944e-05,-7.6589e-05,-7.8193e-05,-7.9742e-05,-8.1218e-05,-8.2606e-05,-8.3887e-05,-8.5043e-05,-8.6055e-05,-8.6905e-05,-8.7571e-05,-8.8035e-05,-8.8277e-05,-8.8276e-05,-8.8016e-05,-8.7475e-05,-8.6633e-05,-8.5471e-05,-8.3972e-05,-8.212e-05,-7.9904e-05,-7.731e-05,-7.4331e-05,-7.0961e-05,-6.7202e-05,-6.3056e-05,-5.8534e-05,-5.3654e-05,-4.8443e-05,-4.2935e-05,-3.7177e-05,-3.1227e-05,-2.5157e-05,-1.905e-05,-1.3005e-05,-7.1323e-06,-1.5516e-06,3.6104e-06,8.2262e-06,1.2173e-05,1.5342e-05,1.7642e-05,1.9013e-05,1.9424e-05,1.8878e-05,1.7411e-05,1.5081e-05,1.198e-05,8.4492e-06
-4.8341e-05,-4.9019e-05,-4.9671e-05,-5.0234e-05,-5.0696e-05,-5.1053e-05,-5.1305e-05,-5.1458e-05,-5.1522e-05,-5.1509e-05,-5.1435e-05,-5.1317e-05,-5.1173e-05,-5.102e-05,-5.0877e-05,-5.0759e-05,-5.0682e-05,-5.0659e-05,-5.0703e-05,-5.0823e-05,-5.1029e-05,-5.1326e-05,-5.1721e-05,-5.2217e-05,-5.2816e-05,-5.352e-05,-5.4329e-05,-5.5241e-05,-5.6254e-05,-5.7366e-05,-5.8571e-05,-5.9865e-05,-6.1241e-05,-6.2693e-05,-6.4214e-05,-6.5794e-05,-6.7424e-05,-6.9094e-05,-7.0793e-05,-7.2509e-05,-7.4229e-05,-7.594e-05,-7.7628e-05,-7.9276e-05,-8.087e-05,-8.2392e-05,-8.3825e-05,-8.5151e-05,-8.6351e-05,-8.7406e-05,-8.8296e-05,-8.9e-05,-8.9499e-05,-8.9771e-05,-8.9797e-05,-8.9556e-05,-8.9031e-05,-8.8196e-05,-8.7034e-05,-8.5526e-05,-8.3656e-05,-8.1409e-05,-7.8772e-05,-7.5736e-05,-7.2294e-05,-6.8444e-05,-6.4188e-05,-5.9534e-05,-5.4499e-05,-4.9105e-05,-4.3386e-05,-3.7386e-05,-3.116e-05,-2.478e-05,-1.8329e-05,-1.1906e-05,-5.6252e-06,3.8845e-07,6.0004e-06,1.1072e-05,1.5468e-05,1.9063e-05,2.1752e-05,2.3458e-05,2.4135e-05,2.3778e-05,2.2415e-05,2.0103e-05,1.6935e-05,1.3272e-05
-5.0549e-05,-5.1294e-05,-5.2e-05,-5.2599e-05,-5.3077e-05,-5.3428e-05,-5.3653e-05,-5.376e-05,-5.3759e-05,-5.3665e-05,-5.3498e-05,-5.3277e-05,-5.3024e-05,-5.2758e-05,-5.2499e-05,-5.2268e-05,-5.208e-05,-5.195e-05,-5.1893e-05,-5.1919e-05,-5.2038e-05,-5.2256e-05,-5.2581e-05,-5.3014e-05,-5.356e-05,-5.4218e-05,-5.4989e-05,-5.5871e-05,-5.6862e-05,-5.7958e-05,-5.9155e-05,-6.0446e-05,-6.1826e-05,-6.3287e-05,-6.4821e-05,-6.642e-05,-6.8073e-05,-6.9769e-05,-7.1498e-05,-7.3247e-05,-7.5002e-05,-7.6751e-05,-7.8477e-05,-8.0165e-05,-8.1799e-05,-8.3362e-05,-8.4835e-05,-8.6201e-05,-8.744e-05,-8.8531e-05,-8.9455e-05,-9.0191e-05,-9.0718e-05,-9.1014e-05,-9.1059e-05,-9.083e-05,-9.0311e-05,-8.9477e-05,-8.8306e-05,-8.678e-05,-8.4882e-05,-8.2596e-05,-7.9908e-05,-7.6805e-05,-7.3282e-05,-6.9332e-05,-6.4958e-05,-6.0164e-05,-5.4965e-05,-4.9382e-05,-4.3444e-05,-3.7194e-05,-3.0686e-05,-2.3988e-05,-1.7184e-05,-1.0373e-05,-3.6707e-06,2.7925e-06,8.8746e-06,1.4427e-05,1.93e-05,2.3353e-05,2.6465e-05,2.8539e-05,2.9515e-05,2.9375e-05,2.8138e-05,2.5858e-05,2.2631e-05,1.8833e-05
-5.2835e-05,-5.366e-05,-5.4433e-05,-5.5076e-05,-5.5571e-05,-5.5914e-05,-5.6105e-05,-5.6154e-05,-5.6074e-05,-5.5885e-05,-5.5607e-05,-5.5266e-05,-5.4884e-05,-5.4487e-05,-5.4097e-05,-5.3735e-05,-5.3421e-05,-5.3171e-05,-5.3e-05,-5.2921e-05,-5.2942e-05,-5.3073e-05,-5.3319e-05,-5.3683e-05,-5.4169e-05,-5.4777e-05,-5.5505e-05,-5.6354e-05,-5.7319e-05,-5.8396e-05,-5.9581e-05,-6.0867e-05,-6.2248e-05,-6.3715e-05,-6.5261e-05,-6.6876e-05,-6.8549e-05,-7.0269e-05,-7.2025e-05,-7.3803e-05,-7.559e-05,-7.7372e-05,-7.9133e-05,-8.0857e-05,-8.2527e-05,-8.4126e-05,-8.5635e-05,-8.7035e-05,-8.8306e-05,-8.9429e-05,-9.0381e-05,-9.1141e-05,-9.1689e-05,-9.2001e-05,-9.2056e-05,-9.1832e-05,-9.1311e-05,-9.0467e-05,-8.9278e-05,-8.7724e-05,-8.5789e-05,-8.3453e-05,-8.0702e-05,-7.7522e-05,-7.3906e-05,-6.9846e-05,-6.5342e-05,-6.0398e-05,-5.5025e-05,-4.9241e-05,-4.3075e-05,-3.6566e-05,-2.9765e-05,-2.2738e-05,-1.5569e-05,-8.3556e-06,-1.216e-06,5.7158e-06,1.2291e-05,1.835e-05,2.3732e-05,2.8278e-05,3.1849e-05,3.4328e-05,3.564e-05,3.5748e-05,3.4661e-05,3.2431e-05,2.9151e-05,2.5217e-05
-5.5214e-05,-5.6138e-05,-5.6992e-05,-5.7685e-05,-5.82e-05,-5.853e-05,-5.8678e-05,-5.8655e-05,-5.848e-05,-5.8175e-05,-5.7767e-05,-5.7284e-05,-5.6754e-05,-5.6205e-05,-5.5664e-05,-5.5154e-05,-5.4697e-05,-5.4312e-05,-5.4015e-05,-5.3819e-05,-5.3734e-05,-5.3768e-05,-5.3928e-05,-5.4217e-05,-5.4637e-05,-5.5189e-05,-5.5872e-05,-5.6683e-05,-5.7618e-05,-5.8674e-05,-5.9845e-05,-6.1124e-05,-6.2503e-05,-6.3975e-05,-6.553e-05,-6.7159e-05,-6.885e-05,-7.0592e-05,-7.2372e-05,-7.4177e-05,-7.5993e-05,-7.7805e-05,-7.9598e-05,-8.1354e-05,-8.3056e-05,-8.4686e-05,-8.6225e-05,-8.7654e-05,-8.8952e-05,-9.0098e-05,-9.1071e-05,-9.1849e-05,-9.2409e-05,-9.2728e-05,-9.2785e-05,-9.2556e-05,-9.2022e-05,-9.1159e-05,-8.9942e-05,-8.8352e-05,-8.6367e-05,-8.3971e-05,-8.1145e-05,-7.7876e-05,-7.4154e-05,-6.9972e-05,-6.5325e-05,-6.0217e-05,-5.4656e-05,-4.8658e-05,-4.225e-05,-3.5467e-05,-2.8359e-05,-2.0989e-05,-1.3438e-05,-5.8056e-06,1.7912e-06,9.2144e-06,1.6309e-05,2.2907e-05,2.8831e-05,3.3909e-05,3.7979e-05,4.0907e-05,4.2593e-05,4.2984e-05,4.2078e-05,3.9915e-05,3.659e-05,3.2518e-05
-5.771e-05,-5.8753e-05,-5.9703e-05,-6.0456e-05,-6.099e-05,-6.13e-05,-6.1393e-05,-6.1282e-05,-6.099e-05,-6.0547e-05,-5.9984e-05,-5.9334e-05,-5.8632e-05,-5.7909e-05,-5.7196e-05,-5.6519e-05,-5.5902e-05,-5.5367e-05,-5.493e-05,-5.4605e-05,-5.4403e-05,-5.4333e-05,-5.4399e-05,-5.4607e-05,-5.4957e-05,-5.5449e-05,-5.6082e-05,-5.6853e-05,-5.7757e-05,-5.879e-05,-5.9944e-05,-6.1214e-05,-6.2591e-05,-6.4066e-05,-6.5629e-05,-6.727e-05,-6.8977e-05,-7.0738e-05,-7.254e-05,-7.437e-05,-7.6212e-05,-7.8051e-05,-7.9871e-05,-8.1655e-05,-8.3384e-05,-8.5041e-05,-8.6606e-05,-8.8058e-05,-8.9377e-05,-9.0541e-05,-9.1528e-05,-9.2315e-05,-9.288e-05,-9.3199e-05,-9.3249e-05,-9.3005e-05,-9.2449e-05,-9.1555e-05,-9.0298e-05,-8.8656e-05,-8.6609e-05,-8.4138e-05,-8.1226e-05,-7.7857e-05,-7.4016e-05,-6.9698e-05,-6.4892e-05,-5.9604e-05,-5.384e-05,-4.7612e-05,-4.0944e-05,-3.387e-05,-2.6437e-05,-1.8704e-05,-1.0752e-05,-2.6772e-06,5.4014e-06,1.3344e-05,2.099e-05,2.8161e-05,3.4669e-05,4.0322e-05,4.4939e-05,4.8361e-05,5.0467e-05,5.1183e-05,5.0489e-05,4.8415e-05,4.5055e-05,4.0842e-05
-6.0351e-05,-6.1539e-05,-6.2603e-05,-6.3423e-05,-6.3975e-05,-6.4257e-05,-6.4276e-05,-6.4055e-05,-6.3621e-05,-6.3012e-05,-6.2264e-05,-6.142e-05,-6.0518e-05,-5.9595e-05,-5.8686e-05,-5.7822e-05,-5.7027e-05,-5.6325e-05,-5.5735e-05,-5.527e-05,-5.4941e-05,-5.4758e-05,-5.4725e-05,-5.4846e-05,-5.5122e-05,-5.5551e-05,-5.6132e-05,-5.686e-05,-5.7731e-05,-5.8739e-05,-5.9877e-05,-6.1137e-05,-6.251e-05,-6.3987e-05,-6.5557e-05,-6.7208e-05,-6.893e-05,-7.0709e-05,-7.2531e-05,-7.4382e-05,-7.6248e-05,-7.8111e-05,-7.9955e-05,-8.1763e-05,-8.3516e-05,-8.5195e-05,-8.678e-05,-8.825e-05,-8.9584e-05,-9.0759e-05,-9.1754e-05,-9.2544e-05,-9.3106e-05,-9.3416e-05,-9.345e-05,-9.3184e-05,-9.2594e-05,-9.1658e-05,-9.0349e-05,-8.8644e-05,-8.6522e-05,-8.3962e-05,-8.0947e-05,-7.7458e-05,-7.3482e-05,-6.901e-05,-6.4035e-05,-5.8552e-05,-5.2566e-05,-4.6088e-05,-3.9141e-05,-3.1754e-05,-2.3973e-05,-1.5854e-05,-7.4743e-06,1.0701e-06,9.661e-06,1.8157e-05,2.6391e-05,3.4179e-05,4.1318e-05,4.7598e-05,5.2816e-05,5.6788e-05,5.9367e-05,6.0455e-05,6.001e-05,5.8051e-05,5.4666e-05,5.0306e-05
-6.3174e-05,-6.4537e-05,-6.5735e-05,-6.663e-05,-6.7197e-05,-6.7436e-05,-6.736e-05,-6.7e-05,-6.6392e-05,-6.5581e-05,-6.4616e-05,-6.3544e-05,-6.241e-05,-6.126e-05,-6.013e-05,-5.9054e-05,-5.8062e-05,-5.7178e-05,-5.642e-05,-5.5803e-05,-5.534e-05,-5.5037e-05,-5.4899e-05,-5.4929e-05,-5.5127e-05,-5.549e-05,-5.6017e-05,-5.6702e-05,-5.7539e-05,-5.8522e-05,-5.9642e-05,-6.0892e-05,-6.2261e-05,-6.3739e-05,-6.5314e-05,-6.6976e-05,-6.8711e-05,-7.0506e-05,-7.2346e-05,-7.4217e-05,-7.6103e-05,-7.7988e-05,-7.9853e-05,-8.1682e-05,-8.3454e-05,-8.5151e-05,-8.6752e-05,-8.8234e-05,-8.9578e-05,-9.0758e-05,-9.1754e-05,-9.2539e-05,-9.3091e-05,-9.3384e-05,-9.3394e-05,-9.3094e-05,-9.2461e-05,-9.1473e-05,-9.0101e-05,-8.8321e-05,-8.6111e-05,-8.3449e-05,-8.0315e-05,-7.6691e-05,-7.2562e-05,-6.7917e-05,-6.2746e-05,-5.7047e-05,-5.0822e-05,-4.4077e-05,-3.6831e-05,-2.9106e-05,-2.095e-05,-1.2416e-05,-3.5782e-06,5.4699e-06,1.4611e-05,2.3701e-05,3.2571e-05,4.1027e-05,4.8853e-05,5.5821e-05,6.1704e-05,6.6292e-05,6.9407e-05,7.0923e-05,7.0773e-05,6.8959e-05,6.5559e-05,6.1046e-05
-6.6228e-05,-6.7802e-05,-6.9157e-05,-7.0134e-05,-7.0708e-05,-7.0883e-05,-7.0683e-05,-7.0146e-05,-6.9324e-05,-6.8271e-05,-6.7046e-05,-6.5707e-05,-6.4307e-05,-6.2896e-05,-6.1517e-05,-6.0207e-05,-5.8998e-05,-5.7914e-05,-5.6975e-05,-5.6197e-05,-5.5589e-05,-5.516e-05,-5.4912e-05,-5.4848e-05,-5.4966e-05,-5.5263e-05,-5.5735e-05,-5.6376e-05,-5.7179e-05,-5.8137e-05,-5.9241e-05,-6.048e-05,-6.1845e-05,-6.3324e-05,-6.4905e-05,-6.6576e-05,-6.8323e-05,-7.0133e-05,-7.199e-05,-7.3879e-05,-7.5784e-05,-7.7687e-05,-7.9571e-05,-8.1416e-05,-8.3205e-05,-8.4915e-05,-8.6526e-05,-8.8017e-05,-8.9364e-05,-9.0544e-05,-9.1533e-05,-9.2307e-05,-9.2841e-05,-9.3109e-05,-9.3085e-05,-9.2744e-05,-9.2059e-05,-9.1008e-05,-8.9561e-05,-8.7695e-05,-8.5384e-05,-8.2605e-05,-7.9339e-05,-7.5565e-05,-7.1266e-05,-6.6429e-05,-6.1044e-05,-5.5106e-05,-4.8613e-05,-4.1573e-05,-3.4001e-05,-2.592e-05,-1.7363e-05,-8.3792e-06,9.5325e-07,1.0546e-05,2.0282e-05,3.0018e-05,3.958e-05,4.8766e-05,5.7348e-05,6.5078e-05,7.1705e-05,7.6988e-05,8.0715e-05,8.2726e-05,8.2927e-05,8.1293e-05,7.7893e-05,7.3217e-05
-6.9578e-05,-7.1405e-05,-7.2942e-05,-7.4006e-05,-7.4573e-05,-7.4655e-05,-7.429e-05,-7.353e-05,-7.2442e-05,-7.1095e-05,-6.9562e-05,-6.7911e-05,-6.6204e-05,-6.4497e-05,-6.2838e-05,-6.1269e-05,-5.9821e-05,-5.8521e-05,-5.7389e-05,-5.6438e-05,-5.568e-05,-5.5119e-05,-5.4759e-05,-5.4598e-05,-5.4635e-05,-5.4865e-05,-5.5283e-05,-5.5881e-05,-5.6651e-05,-5.7585e-05,-5.8672e-05,-5.9902e-05,-6.1264e-05,-6.2744e-05,-6.4331e-05,-6.6012e-05,-6.7771e-05,-6.9595e-05,-7.1468e-05,-7.3373e-05,-7.5294e-05,-7.7214e-05,-7.9113e-05,-8.0973e-05,-8.2773e-05,-8.4492e-05,-8.611e-05,-8.7603e-05,-8.8949e-05,-9.0122e-05,-9.11e-05,-9.1856e-05,-9.2365e-05,-9.26e-05,-9.2535e-05,-9.2143e-05,-9.1396e-05,-9.0273e-05,-8.8741e-05,-8.6776e-05,-8.4352e-05,-8.1445e-05,-7.8033e-05,-7.4093e-05,-6.9608e-05,-6.4563e-05,-5.8945e-05,-5.2745e-05,-4.5963e-05,-3.86e-05,-3.067e-05,-2.2193e-05,-1.3203e-05,-3.742e-06,6.124e-06,1.6309e-05,2.6694e-05,3.7136e-05,4.7459e-05,5.7452e-05,6.6874e-05,7.5458e-05,8.2925e-05,8.9e-05,9.3433e-05,9.6025e-05,9.6643e-05,9.5235e-05,9.1852e-05,8.7002e-05
-7.3307e-05,-7.5437e-05,-7.7185e-05,-7.8336e-05,-7.8873e-05,-7.882e-05,-7.8235e-05,-7.7191e-05,-7.5773e-05,-7.4071e-05,-7.2171e-05,-7.0154e-05,-6.8093e-05,-6.6051e-05,-6.4081e-05,-6.2225e-05,-6.0518e-05,-5.8986e-05,-5.7648e-05,-5.6517e-05,-5.5602e-05,-5.4906e-05,-5.4431e-05,-5.4174e-05,-5.413e-05,-5.4294e-05,-5.4659e-05,-5.5216e-05,-5.5955e-05,-5.6867e-05,-5.794e-05,-5.9163e-05,-6.0522e-05,-6.2005e-05,-6.3599e-05,-6.5289e-05,-6.706e-05,-6.8897e-05,-7.0785e-05,-7.2705e-05,-7.4641e-05,-7.6575e-05,-7.8487e-05,-8.0358e-05,-8.2166e-05,-8.3892e-05,-8.5511e-05,-8.7002e-05,-8.8341e-05,-8.9503e-05,-9.0462e-05,-9.1194e-05,-9.1671e-05,-9.1866e-05,-9.1752e-05,-9.1302e-05,-9.0486e-05,-8.928e-05,-8.7655e-05,-8.5581e-05,-8.3034e-05,-7.9986e-05,-7.6415e-05,-7.2296e-05,-6.7611e-05,-6.234e-05,-5.647e-05,-4.9991e-05,-4.2896e-05,-3.5186e-05,-2.6869e-05,-1.7963e-05,-8.4958e-06,1.4897e-06,1.1932e-05,2.2754e-05,3.3851e-05,4.507e-05,5.6235e-05,6.7128e-05,7.7495e-05,8.7046e-05,9.5473e-05,0.00010246,0.00010772,0.000111,0.00011212,0.000111,0.00010765,0.00010261
-7.7526e-05,-8.0021e-05,-8.2008e-05,-8.324e-05,-8.3708e-05,-8.3462e-05,-8.2584e-05,-8.1175e-05,-7.9347e-05,-7.7212e-05,-7.4875e-05,-7.2432e-05,-6.9965e-05,-6.7545e-05,-6.5228e-05,-6.3059e-05,-6.1072e-05,-5.9292e-05,-5.7738e-05,-5.642e-05,-5.5344e-05,-5.4512e-05,-5.3921e-05,-5.3569e-05,-5.3446e-05,-5.3547e-05,-5.3862e-05,-5.4381e-05,-5.5093e-05,-5.5986e-05,-5.7047e-05,-5.8264e-05,-5.9623e-05,-6.1111e-05,-6.2712e-05,-6.4412e-05,-6.6196e-05,-6.8047e-05,-6.9948e-05,-7.1882e-05,-7.3832e-05,-7.5778e-05,-7.77e-05,-7.9579e-05,-8.1393e-05,-8.312e-05,-8.4738e-05,-8.6223e-05,-8.755e-05,-8.8695e-05,-8.9632e-05,-9.0333e-05,-9.0772e-05,-9.0921e-05,-9.0752e-05,-9.0235e-05,-8.9343e-05,-8.8048e-05,-8.632e-05,-8.4129e-05,-8.1448e-05,-7.8251e-05,-7.451e-05,-7.0201e-05,-6.5302e-05,-5.9792e-05,-5.3655e-05,-4.6876e-05,-3.9448e-05,-3.1367e-05,-2.2636e-05,-1.3269e-05,-3.2877e-06,7.2692e-06,1.8347e-05,2.987e-05,4.1737e-05,5.3813e-05,6.5917e-05,7.7822e-05,8.926e-05,9.992e-05,0.00010946,0.00011752,0.00012375,0.00012786,0.0001296,0.00012884,0.00012556,0.00012031
-8.2384e-05,-8.5315e-05,-8.757e-05,-8.8863e-05,-8.9207e-05,-8.8682e-05,-8.741e-05,-8.5531e-05,-8.3191e-05,-8.0529e-05,-7.7672e-05,-7.4732e-05,-7.1802e-05,-6.8957e-05,-6.6256e-05,-6.3747e-05,-6.146e-05,-5.9421e-05,-5.7642e-05,-5.6132e-05,-5.4894e-05,-5.3925e-05,-5.3222e-05,-5.2776e-05,-5.258e-05,-5.2622e-05,-5.2892e-05,-5.3377e-05,-5.4066e-05,-5.4943e-05,-5.5996e-05,-5.7211e-05,-5.8573e-05,-6.0067e-05,-6.1677e-05,-6.3389e-05,-6.5185e-05,-6.705e-05,-6.8965e-05,-7.0913e-05,-7.2874e-05,-7.4831e-05,-7.6761e-05,-7.8646e-05,-8.0463e-05,-8.2189e-05,-8.3801e-05,-8.5276e-05,-8.6588e-05,-8.7711e-05,-8.862e-05,-8.9286e-05,-8.9682e-05,-8.978e-05,-8.9549e-05,-8.8961e-05,-8.7986e-05,-8.6595e-05,-8.4758e-05,-8.2443e-05,-7.9622e-05,-7.6267e-05,-7.2348e-05,-6.784e-05,-6.2717e-05,-5.6957e-05,-5.054e-05,-4.3448e-05,-3.5669e-05,-2.7196e-05,-1.8026e-05,-8.1674e-06,2.3635e-06,1.3536e-05,2.5304e-05,3.7597e-05,5.0319e-05,6.3338e-05,7.6487e-05,8.9537e-05,0.0001022,0.00011414,0.00012498,0.00013431,0.00014173,0.00014684,0.00014936,0.00014906,0.00014589,0.00014041
-8.8078e-05,-9.1535e-05,-9.4082e-05,-9.5396e-05,-9.5525e-05,-9.46e-05,-9.2799e-05,-9.0312e-05,-8.733e-05,-8.4026e-05,-8.0552e-05,-7.7034e-05,-7.3575e-05,-7.0256e-05,-6.7136e-05,-6.426e-05,-6.1657e-05,-5.9346e-05,-5.7338e-05,-5.5635e-05,-5.4236e-05,-5.3135e-05,-5.2323e-05,-5.1791e-05,-5.1526e-05,-5.1516e-05,-5.1747e-05,-5.2205e-05,-5.2875e-05,-5.3742e-05,-5.4792e-05,-5.6008e-05,-5.7376e-05,-5.8879e-05,-6.0501e-05,-6.2226e-05,-6.4036e-05,-6.5915e-05,-6.7844e-05,-6.9804e-05,-7.1777e-05,-7.3743e-05,-7.568e-05,-7.7568e-05,-7.9385e-05,-8.1107e-05,-8.2711e-05,-8.4173e-05,-8.5466e-05,-8.6564e-05,-8.7441e-05,-8.8068e-05,-8.8417e-05,-8.8459e-05,-8.8163e-05,-8.7499e-05,-8.6437e-05,-8.4946e-05,-8.2995e-05,-8.0552e-05,-7.7587e-05,-7.4068e-05,-6.9967e-05,-6.5254e-05,-5.9902e-05,-5.3884e-05,-4.7178e-05,-3.9763e-05,-3.1621e-05,-2.2739e-05,-1.311e-05,-2.7349e-06,8.3784e-06,2.0208e-05,3.2717e-05,4.5846e-05,5.9509e-05,7.3583e-05,8.7899e-05,0.00010224,0.00011631,0.00012975,0.00014214,0.000153,0.00016185,0.00016823,0.00017173,0.00017205,0.00016905,0.0001633
-9.4883e-05,-9.8969e-05,-0.00010182,-0.00010308,-0.00010286,-0.00010136,-9.884e-05,-9.5565e-05,-9.1779e-05,-8.7693e-05,-8.3486e-05,-7.93e-05,-7.5244e-05,-7.14e-05,-6.7826e-05,-6.456e-05,-6.1627e-05,-5.9039e-05,-5.68e-05,-5.4907e-05,-5.3352e-05,-5.2125e-05,-5.1214e-05,-5.0604e-05,-5.028e-05,-5.0226e-05,-5.0426e-05,-5.0864e-05,-5.1523e-05,-5.2387e-05,-5.3438e-05,-5.4661e-05,-5.6038e-05,-5.7554e-05,-5.919e-05,-6.093e-05,-6.2756e-05,-6.465e-05,-6.6593e-05,-6.8566e-05,-7.055e-05,-7.2524e-05,-7.4467e-05,-7.6357e-05,-7.8172e-05,-7.9888e-05,-8.1482e-05,-8.2927e-05,-8.4198e-05,-8.5269e-05,-8.6111e-05,-8.6697e-05,-8.6996e-05,-8.6979e-05,-8.6616e-05,-8.5874e-05,-8.4723e-05,-8.313e-05,-8.1063e-05,-7.849e-05,-7.5379e-05,-7.1697e-05,-6.7412e-05,-6.2492e-05,-5.6909e-05,-5.0632e-05,-4.3634e-05,-3.589e-05,-2.7378e-05,-1.8079e-05,-7.978e-06,2.9331e-06,1.4655e-05,2.7177e-05,4.0474e-05,5.4502e-05,6.9189e-05,8.4426e-05,0.00010006,0.00011586,0.00013156,0.00014676,0.00016099,0.00017372,0.00018437,0.00019234,0.00019712,0.00019827,0.00019555,0.0001895
-0.00010318,-0.00010802,-0.00011116,-0.00011224,-0.00011144,-0.00010911,-0.00010562,-0.00010132,-9.6529e-05,-9.1494e-05,-8.6423e-05,-8.1469e-05,-7.6745e-05,-7.2327e-05,-6.8268e-05,-6.4595e-05,-6.1325e-05,-5.8461e-05,-5.5996e-05,-5.3921e-05,-5.2221e-05,-5.0881e-05,-4.9882e-05,-4.9207e-05,-4.8835e-05,-4.8748e-05,-4.8928e-05,-4.9355e-05,-5.0011e-05,-5.0878e-05,-5.1938e-05,-5.3173e-05,-5.4565e-05,-5.6097e-05,-5.7751e-05,-5.9509e-05,-6.1353e-05,-6.3263e-05,-6.5221e-05,-6.7207e-05,-6.9202e-05,-7.1184e-05,-7.3132e-05,-7.5023e-05,-7.6835e-05,-7.8544e-05,-8.0126e-05,-8.1554e-05,-8.2802e-05,-8.3844e-05,-8.465e-05,-8.5192e-05,-8.5441e-05,-8.5365e-05,-8.4933e-05,-8.4114e-05,-8.2874e-05,-8.1179e-05,-7.8998e-05,-7.6298e-05,-7.3043e-05,-6.9199e-05,-6.4734e-05,-5.9612e-05,-5.3801e-05,-4.7268e-05,-3.9982e-05,-3.1913e-05,-2.3032e-05,-1.3314e-05,-2.7364e-06,8.7194e-06,2.1065e-05,3.4304e-05,4.8428e-05,6.341e-05,7.9198e-05,9.5705e-05,0.00011279,0.00013026,0.00014782,0.00016509,0.00018155,0.00019659,0.0002095,0.00021955,0.00022603,0.00022832,0.00022604,0.00021966
-0.0001135,-0.00011923,-0.00012261,-0.00012326,-0.00012156,-0.00011804,-0.00011322,-0.00010759,-0.00010154,-9.5355e-05,-8.9273e-05,-8.3449e-05,-7.7987e-05,-7.2954e-05,-6.8387e-05,-6.4301e-05,-6.0695e-05,-5.7564e-05,-5.4886e-05,-5.2644e-05,-5.0817e-05,-4.9381e-05,-4.8312e-05,-4.7587e-05,-4.7183e-05,-4.7077e-05,-4.7249e-05,-4.7676e-05,-4.834e-05,-4.9219e-05,-5.0295e-05,-5.1549e-05,-5.2962e-05,-5.4516e-05,-5.6191e-05,-5.797e-05,-5.9834e-05,-6.1763e-05,-6.3738e-05,-6.5739e-05,-6.7745e-05,-6.9735e-05,-7.1688e-05,-7.358e-05,-7.539e-05,-7.7091e-05,-7.866e-05,-8.0071e-05,-8.1296e-05,-8.2308e-05,-8.3079e-05,-8.3579e-05,-8.3778e-05,-8.3645e-05,-8.3147e-05,-8.2252e-05,-8.0926e-05,-7.9134e-05,-7.6844e-05,-7.4021e-05,-7.0629e-05,-6.6632e-05,-6.1994e-05,-5.6679e-05,-5.0651e-05,-4.3873e-05,-3.631e-05,-2.7926e-05,-1.8687e-05,-8.5594e-06,2.4883e-06,1.4486e-05,2.7458e-05,4.1426e-05,5.6399e-05,7.2374e-05,8.9326e-05,0.0001072,0.00012589,0.00014522,0.00016492,0.00018461,0.00020376,0.00022166,0.00023747,0.00025025,0.00025905,0.000263,0.00026141,0.00025469
-0.00012663,-0.00013342,-0.00013686,-0.00013667,-0.00013354,-0.00012829,-0.00012167,-0.00011432,-0.00010669,-9.9141e-05,-9.1894e-05,-8.5098e-05,-7.8841e-05,-7.3165e-05,-6.8084e-05,-6.3591e-05,-5.9667e-05,-5.6288e-05,-5.3422e-05,-5.104e-05,-4.9111e-05,-4.7603e-05,-4.6486e-05,-4.5732e-05,-4.5314e-05,-4.5206e-05,-4.5385e-05,-4.5826e-05,-4.6509e-05,-4.7411e-05,-4.8512e-05,-4.9793e-05,-5.1233e-05,-5.2814e-05,-5.4516e-05,-5.6321e-05,-5.8208e-05,-6.0159e-05,-6.2153e-05,-6.417e-05,-6.6189e-05,-6.8189e-05,-7.0148e-05,-7.2043e-05,-7.385e-05,-7.5545e-05,-7.7103e-05,-7.8498e-05,-7.9701e-05,-8.0687e-05,-8.1424e-05,-8.1885e-05,-8.2037e-05,-8.185e-05,-8.1291e-05,-8.0326e-05,-7.8921e-05,-7.7039e-05,-7.4648e-05,-7.1713e-05,-6.8195e-05,-6.4057e-05,-5.9261e-05,-5.3769e-05,-4.754e-05,-4.0535e-05,-3.2714e-05,-2.4036e-05,-1.446e-05,-3.944e-06,7.5533e-06,2.0074e-05,3.3658e-05,4.8346e-05,6.4169e-05,8.1155e-05,9.9312e-05,0.00011862,0.00013903,0.00016041,0.00018254,0.00020506,0.00022743,0.00024889,0.00026843,0.00028488,0.00029694,0.0003033,0.0003029,0.00029586
-0.00014378,-0.00015173,-0.00015484,-0.0001531,-0.00014772,-0.00013997,-0.00013091,-0.00012133,-0.00011178,-0.00010262,-9.4064e-05,-8.6218e-05,-7.9132e-05,-7.2809e-05,-6.7232e-05,-6.236e-05,-5.8153e-05,-5.4565e-05,-5.155e-05,-4.9065e-05,-4.7067e-05,-4.5518e-05,-4.4382e-05,-4.3625e-05,-4.3217e-05,-4.3128e-05,-4.3331e-05,-4.3802e-05,-4.4518e-05,-4.5455e-05,-4.6592e-05,-4.7908e-05,-4.9384e-05,-5.0999e-05,-5.2733e-05,-5.4568e-05,-5.6483e-05,-5.8459e-05,-6.0476e-05,-6.2512e-05,-6.4547e-05,-6.656e-05,-6.8528e-05,-7.0427e-05,-7.2235e-05,-7.3927e-05,-7.5476e-05,-7.6857e-05,-7.8043e-05,-7.9006e-05,-7.9715e-05,-8.0141e-05,-8.0254e-05,-8.002e-05,-7.9407e-05,-7.8381e-05,-7.6907e-05,-7.4947e-05,-7.2469e-05,-6.9435e-05,-6.5808e-05,-6.1547e-05,-5.6613e-05,-5.0964e-05,-4.4559e-05,-3.7353e-05,-2.9302e-05,-2.0361e-05,-1.048e-05,3.8977e-07,1.2301e-05,2.5309e-05,3.947e-05,5.4846e-05,7.1495e-05,8.9476e-05,0.00010884,0.00012963,0.00015184,0.00017543,0.00020024,0.000226,0.00025219,0.00027804,0.00030243,0.00032385,0.00034055,0.00035059,0.0003522,0.00034503
-0.00016682,-0.00017592,-0.00017785,-0.00017329,-0.00016438,-0.00015303,-0.00014068,-0.00012829,-0.00011644,-0.00010545,-9.5469e-05,-8.6532e-05,-7.8631e-05,-7.1698e-05,-6.5676e-05,-6.0486e-05,-5.6057e-05,-5.2319e-05,-4.9209e-05,-4.667e-05,-4.465e-05,-4.31e-05,-4.198e-05,-4.1252e-05,-4.0879e-05,-4.0832e-05,-4.1082e-05,-4.1601e-05,-4.2365e-05,-4.335e-05,-4.4535e-05,-4.5897e-05,-4.7417e-05,-4.9074e-05,-5.0847e-05,-5.2719e-05,-5.4668e-05,-5.6674e-05,-5.8717e-05,-6.0777e-05,-6.2833e-05,-6.4862e-05,-6.6842e-05,-6.8751e-05,-7.0564e-05,-7.2256e-05,-7.3803e-05,-7.5177e-05,-7.6351e-05,-7.7297e-05,-7.7985e-05,-7.8386e-05,-7.8467e-05,-7.8197e-05,-7.7541e-05,-7.6467e-05,-7.4937e-05,-7.2915e-05,-7.0367e-05,-6.7255e-05,-6.354e-05,-5.9179e-05,-5.4133e-05,-4.8356e-05,-4.1805e-05,-3.4433e-05,-2.619e-05,-1.7026e-05,-6.8853e-06,4.2904e-06,1.6564e-05,3.0004e-05,4.4684e-05,6.0688e-05,7.8103e-05,9.7027e-05,0.00011756,0.0001398,0.00016383,0.00018971,0.00021741,0.00024677,0.00027741,0.00030863,0.00033922,0.00036742,0.00039084,0.00040663,0.0004118,0.00040499
-0.00019886,-0.00020864,-0.00020761,-0.00019803,-0.00018358,-0.00016711,-0.00015044,-0.00013459,-0.00012009,-0.00010711,-9.5675e-05,-8.569e-05,-7.7048e-05,-6.9607e-05,-6.3242e-05,-5.7833e-05,-5.3273e-05,-4.9468e-05,-4.6337e-05,-4.3809e-05,-4.1822e-05,-4.0321e-05,-3.9259e-05,-3.8595e-05,-3.829e-05,-3.8313e-05,-3.8631e-05,-3.9218e-05,-4.0048e-05,-4.1097e-05,-4.2342e-05,-4.3762e-05,-4.5336e-05,-4.7044e-05,-4.8865e-05,-5.078e-05,-5.2769e-05,-5.4812e-05,-5.6889e-05,-5.8979e-05,-6.106e-05,-6.3111e-05,-6.511e-05,-6.7034e-05,-6.8858e-05,-7.0559e-05,-7.211e-05,-7.3484e-05,-7.4655e-05,-7.5594e-05,-7.6272e-05,-7.6658e-05,-7.6721e-05,-7.6428e-05,-7.5746e-05,-7.464e-05,-7.3072e-05,-7.1008e-05,-6.8413e-05,-6.5247e-05,-6.1469e-05,-5.7038e-05,-5.1911e-05,-4.6042e-05,-3.9383e-05,-3.1886e-05,-2.3498e-05,-1.4162e-05,-3.8172e-06,7.6022e-06,2.0169e-05,3.3966e-05,4.9083e-05,6.5625e-05,8.371e-05,0.00010348,0.00012507,0.00014867,0.00017446,0.00020261,0.00023327,0.00026648,0.00030212,0.00033968,0.0003781,0.00041545,0.00044871,0.00047367,0.00048536,0.00048026
-0.00024536,-0.00025403,-0.00024626,-0.00022782,-0.00020486,-0.00018127,-0.00015911,-0.00013923,-0.00012186,-0.0001069,-9.4125e-05,-8.3266e-05,-7.4066e-05,-6.6293e-05,-5.9749e-05,-5.4266e-05,-4.9701e-05,-4.5938e-05,-4.2879e-05,-4.044e-05,-3.8553e-05,-3.7157e-05,-3.6201e-05,-3.5642e-05,-3.544e-05,-3.5561e-05,-3.5974e-05,-3.665e-05,-3.7565e-05,-3.8694e-05,-4.0014e-05,-4.1505e-05,-4.3144e-05,-4.4913e-05,-4.6792e-05,-4.8759e-05,-5.0797e-05,-5.2885e-05,-5.5002e-05,-5.7129e-05,-5.9244e-05,-6.1325e-05,-6.3351e-05,-6.5299e-05,-6.7144e-05,-6.8861e-05,-7.0427e-05,-7.1813e-05,-7.2993e-05,-7.3938e-05,-7.4619e-05,-7.5005e-05,-7.5066e-05,-7.4767e-05,-7.4077e-05,-7.2959e-05,-7.1376e-05,-6.9295e-05,-6.6679e-05,-6.3487e-05,-5.9678e-05,-5.5211e-05,-5.004e-05,-4.4119e-05,-3.7398e-05,-2.9825e-05,-2.1346e-05,-1.1898e-05,-1.4163e-06,1.0172e-05,2.2949e-05,3.7007e-05,5.2454e-05,6.9414e-05,8.8033e-05,0.00010849,0.00013098,0.00015575,0.0001831,0.00021335,0.00024686,0.00028396,0.0003249,0.00036964,0.00041757,0.00046701,0.00051454,0.00055438,0.00057828,0.0005783
-0.00031636,-0.00031838,-0.000296,-0.0002622,-0.00022651,-0.00019353,-0.00016488,-0.0001407,-0.00012059,-0.00010395,-9.0193e-05,-7.8803e-05,-6.9362e-05,-6.153e-05,-5.5039e-05,-4.9673e-05,-4.5264e-05,-4.1675e-05,-3.8795e-05,-3.6536e-05,-3.4823e-05,-3.3594e-05,-3.2796e-05,-3.2385e-05,-3.2322e-05,-3.2573e-05,-3.3107e-05,-3.3896e-05,-3.4915e-05,-3.6141e-05,-3.7552e-05,-3.9127e-05,-4.0845e-05,-4.2686e-05,-4.4632e-05,-4.6663e-05,-4.8759e-05,-5.0901e-05,-5.3069e-05,-5.5242e-05,-5.7401e-05,-5.9523e-05,-6.1586e-05,-6.3568e-05,-6.5445e-05,-6.7193e-05,-6.8786e-05,-7.0198e-05,-7.1401e-05,-7.2368e-05,-7.307e-05,-7.3475e-05,-7.3552e-05,-7.327e-05,-7.2594e-05,-7.1489e-05,-6.9918e-05,-6.7848e-05,-6.524e-05,-6.2056e-05,-5.8252e-05,-5.3786e-05,-4.8614e-05,-4.2686e-05,-3.5952e-05,-2.8359e-05,-1.9849e-05,-1.0357e-05,1.8542e-07,1.1857e-05,2.4746e-05,3.8955e-05,5.4603e-05,7.183e-05,9.0808e-05,0.00011174,0.00013489,0.00016056,0.00018915,0.00022113,0.00025711,0.00029777,0.00034387,0.00039614,0.00045491,0.00051957,0.00058727,0.00065113,0.00069833,0.00071202
-0.00043126,-0.00041054,-0.00035747,-0.00029809,-0.0002446,-0.00020034,-0.00016496,-0.000137,-0.0001149,-9.7334e-05,-8.3263e-05,-7.1907e-05,-6.2682e-05,-5.5158e-05,-4.9009e-05,-4.3993e-05,-3.9923e-05,-3.6655e-05,-3.4074e-05,-3.2089e-05,-3.0628e-05,-2.9629e-05,-2.9042e-05,-2.8823e-05,-2.8936e-05,-2.9347e-05,-3.0029e-05,-3.0953e-05,-3.2098e-05,-3.3439e-05,-3.4956e-05,-3.663e-05,-3.8439e-05,-4.0366e-05,-4.2392e-05,-4.4497e-05,-4.6663e-05,-4.8871e-05,-5.1101e-05,-5.3333e-05,-5.5548e-05,-5.7723e-05,-5.9837e-05,-6.1867e-05,-6.3791e-05,-6.5584e-05,-6.7221e-05,-6.8675e-05,-6.9921e-05,-7.0929e-05,-7.1671e-05,-7.2116e-05,-7.2234e-05,-7.1992e-05,-7.1357e-05,-7.0292e-05,-6.8763e-05,-6.6736e-05,-6.4172e-05,-6.1031e-05,-5.7271e-05,-5.2849e-05,-4.7719e-05,-4.1834e-05,-3.5142e-05,-2.7587e-05,-1.9112e-05,-9.6495e-06,8.715e-07,1.2533e-05,2.5427e-05,3.9661e-05,5.5364e-05,7.2686e-05,9.1815e-05,0.00011298,0.00013647,0.00016265,0.00019201,0.00022515,0.00026289,0.0003063,0.00035675,0.00041594,0.0004858,0.00056798,0.00066243,0.00076389,0.00085554,0.0009042
-0.00062804,-0.00053946,-0.00042509,-0.00032658,-0.00025137,-0.00019612,-0.00015573,-0.00012589,-0.00010346,-8.6293e-05,-7.2925e-05,-6.2365e-05,-5.3929e-05,-4.7141e-05,-4.1661e-05,-3.7242e-05,-3.3702e-05,-3.0902e-05,-2.8735e-05,-2.7118e-05,-2.5983e-05,-2.5275e-05,-2.4947e-05,-2.4962e-05,-2.5285e-05,-2.5887e-05,-2.6741e-05,-2.7824e-05,-2.9113e-05,-3.0587e-05,-3.2228e-05,-3.4015e-05,-3.5931e-05,-3.7957e-05,-4.0076e-05,-4.2269e-05,-4.4519e-05,-4.6806e-05,-4.9112e-05,-5.1417e-05,-5.3701e-05,-5.5944e-05,-5.8125e-05,-6.022e-05,-6.2208e-05,-6.4064e-05,-6.5764e-05,-6.7281e-05,-6.859e-05,-6.9661e-05,-7.0468e-05,-7.0979e-05,-7.1163e-05,-7.0989e-05,-7.0423e-05,-6.943e-05,-6.7976e-05,-6.6026e-05,-6.3542e-05,-6.0483e-05,-5.6808e-05,-5.2474e-05,-4.7435e-05,-4.1644e-05,-3.5049e-05,-2.7594e-05,-1.9221e-05,-9.8641e-06,5.5003e-07,1.2103e-05,2.4889e-05,3.9018e-05,5.4619e-05,7.1848e-05,9.0897e-05,0.00011201,0.00013548,0.00016172,0.00019124,0.00022475,0.00026322,0.00030802,0.00036107,0.00042512,0.00050411,0.00060333,0.00072897,0.0008845,0.0010582,0.0011947
-0.00097483,-0.00069924,-0.00047541,-0.00032815,-0.00023456,-0.00017414,-0.0001338,-0.00010581,-8.5664e-05,-7.0686e-05,-5.9249e-05,-5.0334e-05,-4.3283e-05,-3.7656e-05,-3.3152e-05,-2.9557e-05,-2.6716e-05,-2.4514e-05,-2.2862e-05,-2.169e-05,-2.0944e-05,-2.0577e-05,-2.0551e-05,-2.0834e-05,-2.1397e-05,-2.2215e-05,-2.3265e-05,-2.4526e-05,-2.5977e-05,-2.7602e-05,-2.9381e-05,-3.1297e-05,-3.3334e-05,-3.5474e-05,-3.77e-05,-3.9995e-05,-4.2342e-05,-4.4723e-05,-4.712e-05,-4.9513e-05,-5.1884e-05,-5.4212e-05,-5.6476e-05,-5.8655e-05,-6.0726e-05,-6.2666e-05,-6.4449e-05,-6.6052e-05,-6.7446e-05,-6.8606e-05,-6.9502e-05,-7.0105e-05,-7.0384e-05,-7.0307e-05,-6.9841e-05,-6.8953e-05,-6.7608e-05,-6.5771e-05,-6.3403e-05,-6.0465e-05,-5.6917e-05,-5.2715e-05,-4.7815e-05,-4.2169e-05,-3.5726e-05,-2.8432e-05,-2.0228e-05,-1.105e-05,-8.2677e-07,1.0523e-05,2.309e-05,3.6981e-05,5.2323e-05,6.9268e-05,8.8001e-05,0.00010876,0.00013183,0.00015761,0.00018663,0.00021958,0.00025749,0.00030182,0.00035479,0.00041987,0.00050274,0.00061281,0.00076578,0.00098548,0.001295,0.0016476
-0.0015315,-0.00081682,-0.00045446,-0.00027836,-0.00018607,-0.00013332,-0.00010065,-7.8957e-05,-6.3692e-05,-5.2451e-05,-4.3887e-05,-3.7205e-05,-3.1913e-05,-2.7691e-05,-2.4324e-05,-2.1662e-05,-1.9595e-05,-1.8043e-05,-1.6942e-05,-1.6243e-05,-1.5905e-05,-1.5894e-05,-1.6181e-05,-1.6741e-05,-1.7551e-05,-1.8591e-05,-1.9841e-05,-2.1285e-05,-2.2904e-05,-2.4683e-05,-2.6606e-05,-2.8657e-05,-3.082e-05,-3.3079e-05,-3.542e-05,-3.7824e-05,-4.0276e-05,-4.276e-05,-4.5256e-05,-4.7747e-05,-5.0215e-05,-5.2638e-05,-5.4998e-05,-5.7273e-05,-5.944e-05,-6.1477e-05,-6.336e-05,-6.5063e-05,-6.6561e-05,-6.7826e-05,-6.883e-05,-6.9544e-05,-6.9938e-05,-6.9979e-05,-6.9636e-05,-6.8876e-05,-6.7663e-05,-6.5963e-05,-6.3738e-05,-6.0949e-05,-5.7557e-05,-5.3518e-05,-4.8789e-05,-4.3323e-05,-3.707e-05,-2.9979e-05,-2.199e-05,-1.3044e-05,-3.0702e-06,8.0069e-06,2.0274e-05,3.3833e-05,4.8799e-05,6.5314e-05,8.3548e-05,0.00010371,0.00012608,0.000151,0.00017892,0.0002105,0.00024663,0.00028864,0.00033859,0.00039987,0.00047852,0.00058607,0.00074635,0.0010104,0.0014827,0.002296
