0,0,0,0,0,0,0,0,0,0,0,0,0,0,0,0,0,0,0,0,0,0,0,0,0,0,0,0,0,0,0,0,0,0,0,0,0,0,0,0,0,0,0,0,0,0,0,0,0,0,0,0,0,0,0,0,0,0,0,0,0,0,0,0,0,0,0,0,0,0,0,0,0,0,0,0,0,0,0,0,0,0,0,0,0,0,0,0,0,0,0
0,-9.5588e-08,-5.3719e-09,3.1804e-07,8.4042e-07,1.5096e-06,2.2774e-06,3.1058e-06,3.9674e-06,4.8435e-06,5.7222e-06,6.5963e-06,7.4614e-06,8.3148e-06,9.1549e-06,9.9806e-06,1.0791e-05,1.1585e-05,1.2362e-05,1.312e-05,1.386e-05,1.4579e-05,1.5277e-05,1.5954e-05,1.6608e-05,1.7238e-05,1.7843e-05,1.8424e-05,1.8978e-05,1.9505e-05,2.0005e-05,2.0477e-05,2.0919e-05,2.1333e-05,2.1716e-05,2.2069e-05,2.2391e-05,2.2682e-05,2.2941e-05,2.3167e-05,2.3361e-05,2.3522e-05,2.365e-05,2.3745e-05,2.3807e-05,2.3835e-05,2.3829e-05,2.379e-05,2.3717e-05,2.3611e-05,2.3471e-05,2.3297e-05,2.309e-05,2.2851e-05,2.2578e-05,2.2273e-05,2.1936e-05,2.1567e-05,2.1167e-05,2.0736e-05,2.0275e-05,1.9784e-05,1.9263e-05,1.8715e-05,1.8139e-05,1.7535e-05,1.6906e-05,1.6251e-05,1.5572e-05,1.4869e-05,1.4143e-05,1.3396e-05,1.2628e-05,1.184e-05,1.1034e-05,1.021e-05,9.3689e-06,8.5124e-06,7.6416e-06,6.7582e-06,5.865e-06,4.9667e-06,4.0708e-06,3.1896e-06,2.3422e-06,1.5565e-06,8.7104e-07,3.3481e-07,9.431e-10,-9.5112e-08,0
0,-5.7488e-09,5.9915e-07,1.8991e-06,3.8061e-06,6.1797e-06,8.8812e-06,1.1794e-05,1.4831e-05,1.7927e-05,2.1041e-05,2.4146e-05,2.7224e-05,3.0264e-05,3.3259e-05,3.6204e-05,3.9094e-05,4.1927e-05,4.4697e-05,4.7403e-05,5.0041e-05,5.2606e-05,5.5096e-05,5.7508e-05,5.9838e-05,6.2084e-05,6.4241e-05,6.6308e-05,6.8282e-05,7.016e-05,7.1939e-05,7.3618e-05,7.5193e-05,7.6664e-05,7.8027e-05,7.9281e-05,8.0425e-05,8.1457e-05,8.2375e-05,8.3178e-05,8.3865e-05,8.4435e-05,8.4888e-05,8.5222e-05,8.5437e-05,8.5533e-05,8.5508e-05,8.5364e-05,8.51e-05,8.4717e-05,8.4214e-05,8.3592e-05,8.2852e-05,8.1995e-05,8.102e-05,7.9931e-05,7.8727e-05,7.741e-05,7.5982e-05,7.4445e-05,7.2799e-05,7.1048e-05,6.9194e-05,6.7239e-05,6.5184e-05,6.3034e-05,6.0791e-05,5.8458e-05,5.6037e-05,5.3533e-05,5.0948e-05,4.8286e-05,4.555e-05,4.2745e-05,3.9873e-05,3.6939e-05,3.3946e-05,3.0899e-05,2.7804e-05,2.4668e-05,2.1502e-05,1.8326e-05,1.5167e-05,1.2069e-05,9.0956e-06,6.3373e-06,3.912e-06,1.9608e-06,6.2662e-07,3.8688e-10,0
0,3.1709e-07,1.8991e-06,4.7933e-06,8.826e-06,1.3746e-05,1.9304e-05,2.5283e-05,3.1515e-05,3.7878e-05,4.4285e-05,5.0679e-05,5.7025e-05,6.3296e-05,6.9478e-05,7.5558e-05,8.1527e-05,8.7376e-05,9.3098e-05,9.8685e-05,0.00010413,0.00010943,0.00011457,0.00011955,0.00012436,0.00012899,0.00013344,0.00013771,0.00014178,0.00014565,0.00014932,0.00015278,0.00015603,0.00015906,0.00016187,0.00016445,0.00016681,0.00016893,0.00017082,0.00017247,0.00017389,0.00017506,0.00017599,0.00017667,0.00017711,0.0001773,0.00017725,0.00017694,0.00017639,0.0001756,0.00017455,0.00017327,0.00017173,0.00016996,0.00016795,0.00016569,0.00016321,0.00016049,0.00015754,0.00015436,0.00015096,0.00014735,0.00014352,0.00013948,0.00013524,0.00013081,0.00012618,0.00012136,0.00011637,0.0001112,0.00010587,0.00010037,9.473e-05,8.8942e-05,8.3018e-05,7.6966e-05,7.0795e-05,6.4514e-05,5.8137e-05,5.1681e-05,4.5172e-05,3.8647e-05,3.2165e-05,2.5815e-05,1.9722e-05,1.4056e-05,9.0372e-06,4.9196e-06,1.9585e-06,3.3271e-07,0
0,8.3975e-07,3.8105e-06,8.8357e-06,1.5613e-05,2.3759e-05,3.2896e-05,4.2699e-05,5.291e-05,6.3335e-05,7.3839e-05,8.433e-05,9.4746e-05,0.00010505,0.0001152,0.00012519,0.000135,0.00014461,0.00015402,0.0001632,0.00017215,0.00018085,0.0001893,0.00019748,0.00020538,0.00021299,0.00022031,0.00022731,0.000234,0.00024036,0.00024638,0.00025206,0.00025739,0.00026237,0.00026697,0.00027121,0.00027508,0.00027856,0.00028166,0.00028436,0.00028668,0.0002886,0.00029011,0.00029123,0.00029194,0.00029225,0.00029215,0.00029165,0.00029074,0.00028942,0.0002877,0.00028558,0.00028306,0.00028014,0.00027683,0.00027313,0.00026904,0.00026456,0.00025972,0.0002545,0.00024891,0.00024297,0.00023668,0.00023005,0.00022309,0.0002158,0.00020819,0.00020028,0.00019208,0.00018359,0.00017483,0.00016581,0.00015654,0.00014703,0.0001373,0.00012737,0.00011724,0.00010693,9.6467e-05,8.5881e-05,7.5213e-05,6.4527e-05,5.3919e-05,4.3527e-05,3.3548e-05,2.4245e-05,1.5947e-05,9.0379e-06,3.9079e-06,8.6687e-07,0
0,1.5118e-06,6.199e-06,1.3788e-05,2.3806e-05,3.5711e-05,4.8987e-05,6.319e-05,7.7966e-05,9.305e-05,0.00010825,0.00012344,0.00013852,0.00015344,0.00016815,0.00018263,0.00019685,0.00021078,0.00022441,0.00023772,0.00025069,0.0002633,0.00027554,0.00028739,0.00029884,0.00030987,0.00032046,0.0003306,0.00034029,0.0003495,0.00035822,0.00036645,0.00037416,0.00038136,0.00038803,0.00039417,0.00039976,0.0004048,0.00040928,0.00041319,0.00041653,0.0004193,0.00042149,0.0004231,0.00042413,0.00042456,0.00042442,0.00042368,0.00042235,0.00042044,0.00041794,0.00041486,0.0004112,0.00040697,0.00040217,0.00039679,0.00039086,0.00038438,0.00037735,0.00036979,0.0003617,0.00035309,0.00034398,0.00033437,0.00032428,0.00031371,0.0003027,0.00029124,0.00027935,0.00026705,0.00025436,0.0002413,0.00022787,0.0002141,0.00020001,0.00018562,0.00017095,0.00015603,0.00014089,0.00012557,0.00011014,9.4692e-05,7.9358e-05,6.4333e-05,4.9889e-05,3.6384e-05,2.4271e-05,1.4072e-05,6.3373e-06,1.5511e-06,0
0,2.2872e-06,8.9337e-06,1.9417e-05,3.3054e-05,4.9125e-05,6.6963e-05,8.5997e-05,0.00010577,0.00012595,0.00014629,0.00016661,0.00018679,0.00020676,0.00022646,0.00024584,0.00026487,0.00028353,0.00030177,0.00031959,0.00033696,0.00035384,0.00037023,0.0003861,0.00040142,0.00041618,0.00043036,0.00044393,0.00045689,0.00046922,0.00048089,0.00049189,0.00050222,0.00051185,0.00052077,0.00052897,0.00053645,0.00054318,0.00054917,0.0005544,0.00055886,0.00056256,0.00056549,0.00056763,0.00056899,0.00056957,0.00056936,0.00056836,0.00056658,0.00056402,0.00056067,0.00055654,0.00055163,0.00054596,0.00053952,0.00053233,0.00052439,0.00051571,0.0005063,0.00049617,0.00048534,0.00047381,0.00046161,0.00044875,0.00043524,0.0004211,0.00040635,0.00039102,0.00037511,0.00035865,0.00034166,0.00032417,0.0003062,0.00028778,0.00026892,0.00024966,0.00023004,0.00021007,0.00018982,0.00016934,0.00014871,0.00012806,0.00010756,8.7464e-05,6.8121e-05,4.9992e-05,3.3653e-05,1.9784e-05,9.1133e-06,2.3388e-06,0
0,3.1304e-06,1.1907e-05,2.5523e-05,4.3061e-05,6.3602e-05,8.6314e-05,0.0001105,0.0001356,0.00016119,0.00018697,0.00021274,0.00023833,0.00026366,0.00028864,0.00031323,0.00033737,0.00036103,0.00038418,0.00040679,0.00042881,0.00045023,0.00047102,0.00049114,0.00051058,0.0005293,0.00054727,0.00056449,0.00058092,0.00059655,0.00061134,0.0006253,0.00063838,0.00065059,0.00066189,0.00067229,0.00068176,0.00069029,0.00069787,0.0007045,0.00071015,0.00071484,0.00071853,0.00072124,0.00072296,0.00072369,0.00072341,0.00072214,0.00071987,0.00071661,0.00071236,0.00070711,0.00070089,0.00069369,0.00068552,0.00067639,0.00066632,0.0006553,0.00064337,0.00063052,0.00061678,0.00060216,0.00058669,0.00057037,0.00055324,0.00053531,0.00051661,0.00049715,0.00047698,0.00045611,0.00043456,0.00041238,0.0003896,0.00036623,0.00034232,0.0003179,0.00029302,0.00026771,0.00024204,0.00021608,0.00018993,0.00016376,0.00013778,0.00011229,8.7732e-05,6.4663e-05,4.3795e-05,2.5973e-05,1.2127e-05,3.194e-06,0
0,4.0165e-06,1.5039e-05,3.1958e-05,5.3599e-05,7.8832e-05,0.00010665,0.00013622,0.00016687,0.00019811,0.00022957,0.000261,0.00029224,0.00032314,0.00035363,0.00038363,0.00041309,0.00044197,0.00047022,0.00049781,0.00052469,0.00055082,0.00057619,0.00060074,0.00062445,0.00064729,0.00066923,0.00069023,0.00071027,0.00072933,0.00074738,0.0007644,0.00078036,0.00079524,0.00080903,0.0008217,0.00083325,0.00084365,0.00085289,0.00086096,0.00086786,0.00087356,0.00087806,0.00088136,0.00088345,0.00088432,0.00088398,0.00088242,0.00087965,0.00087566,0.00087046,0.00086406,0.00085646,0.00084767,0.0008377,0.00082656,0.00081426,0.00080082,0.00078626,0.00077058,0.00075382,0.00073598,0.0007171,0.0006972,0.00067629,0.00065441,0.00063159,0.00060786,0.00058324,0.00055778,0.00053149,0.00050443,0.00047663,0.00044812,0.00041895,0.00038916,0.00035881,0.00032793,0.00029662,0.00026496,0.00023308,0.00020115,0.00016945,0.00013834,0.00010833,8.0088e-05,5.4469e-05,3.2491e-05,1.53e-05,4.0918e-06,0
0,4.9294e-06,1.8275e-05,3.8617e-05,6.4509e-05,9.4596e-05,0.00012769,0.00016281,0.00019919,0.00023625,0.00027356,0.00031083,0.00034786,0.00038451,0.00042065,0.00045623,0.00049117,0.00052541,0.00055891,0.00059162,0.00062349,0.00065448,0.00068455,0.00071366,0.00074177,0.00076885,0.00079485,0.00081975,0.0008435,0.00086609,0.00088748,0.00090765,0.00092656,0.0009442,0.00096054,0.00097555,0.00098923,0.0010016,0.0010125,0.0010221,0.0010302,0.001037,0.0010423,0.0010462,0.0010487,0.0010497,0.0010493,0.0010474,0.0010441,0.0010394,0.0010332,0.0010257,0.0010166,0.0010062,0.00099439,0.00098118,0.0009666,0.00095067,0.0009334,0.00091482,0.00089494,0.0008738,0.00085141,0.00082781,0.00080303,0.0007771,0.00075004,0.00072191,0.00069272,0.00066253,0.00063138,0.00059929,0.00056633,0.00053254,0.00049795,0.00046264,0.00042665,0.00039006,0.00035294,0.00031541,0.00027762,0.00023978,0.00020218,0.00016527,0.00012963,9.6049e-05,6.5514e-05,3.9232e-05,1.8577e-05,5.0162e-06,0
0,5.8598e-06,2.1584e-05,4.5433e-05,7.5684e-05,0.00011075,0.00014925,0.00019007,0.00023231,0.00027531,0.00031861,0.00036185,0.0004048,0.00044731,0.00048924,0.00053051,0.00057104,0.00061076,0.00064962,0.00068756,0.00072452,0.00076047,0.00079535,0.00082911,0.00086172,0.00089311,0.00092327,0.00095214,0.00097969,0.0010059,0.0010307,0.0010541,0.001076,0.0010964,0.0011154,0.0011328,0.0011486,0.0011629,0.0011756,0.0011867,0.0011961,0.001204,0.0012101,0.0012147,0.0012175,0.0012187,0.0012182,0.0012161,0.0012122,0.0012067,0.0011996,0.0011908,0.0011803,0.0011682,0.0011545,0.0011392,0.0011223,0.0011038,0.0010838,0.0010622,0.0010392,0.0010147,0.00098871,0.00096134,0.0009326,0.00090252,0.00087115,0.00083852,0.00080467,0.00076966,0.00073352,0.00069631,0.00065808,0.00061888,0.00057878,0.00053782,0.00049608,0.00045364,0.0004106,0.00036707,0.00032323,0.00027933,0.00023572,0.00019287,0.00015147,0.0001124,7.6827e-05,4.6132e-05,2.1927e-05,5.9582e-06,0
0,6.8029e-06,2.4947e-05,5.2369e-05,8.7065e-05,0.00012721,0.00017123,0.00021784,0.00026606,0.00031512,0.00036451,0.00041382,0.00046281,0.00051128,0.0005591,0.00060616,0.00065237,0.00069767,0.00074198,0.00078524,0.00082739,0.00086838,0.00090815,0.00094664,0.00098381,0.0010196,0.001054,0.0010869,0.0011183,0.0011482,0.0011764,0.0012031,0.0012281,0.0012514,0.0012729,0.0012928,0.0013109,0.0013271,0.0013416,0.0013542,0.001365,0.0013739,0.0013809,0.0013861,0.0013893,0.0013907,0.0013901,0.0013876,0.0013833,0.001377,0.0013689,0.0013588,0.0013469,0.0013331,0.0013175,0.0013,0.0012807,0.0012597,0.0012369,0.0012123,0.001186,0.0011581,0.0011285,0.0010973,0.0010645,0.0010302,0.00099445,0.00095724,0.00091866,0.00087873,0.00083753,0.00079511,0.00075152,0.00070683,0.0006611,0.0006144,0.00056681,0.00051842,0.00046934,0.00041971,0.00036972,0.00031965,0.0002699,0.000221,0.00017372,0.00012907,8.835e-05,5.3154e-05,2.5331e-05,6.9131e-06,0
0,7.7569e-06,2.8355e-05,5.9407e-05,9.862e-05,0.00014393,0.00019355,0.00024607,0.00030036,0.00035559,0.00041116,0.00046665,0.00052176,0.0005763,0.00063009,0.00068303,0.00073502,0.00078597,0.00083581,0.00088448,0.00093189,0.000978,0.0010227,0.001066,0.0011078,0.0011481,0.0011867,0.0012238,0.0012591,0.0012926,0.0013244,0.0013544,0.0013825,0.0014087,0.001433,0.0014553,0.0014756,0.0014939,0.0015101,0.0015243,0.0015364,0.0015464,0.0015543,0.0015601,0.0015637,0.0015653,0.0015646,0.0015619,0.001557,0.0015499,0.0015407,0.0015295,0.001516,0.0015005,0.001483,0.0014633,0.0014417,0.001418,0.0013923,0.0013647,0.0013351,0.0013037,0.0012704,0.0012353,0.0011985,0.0011599,0.0011197,0.0010779,0.0010345,0.00098957,0.00094323,0.00089551,0.00084648,0.00079621,0.00074477,0.00069224,0.00063871,0.00058427,0.00052906,0.00047322,0.00041698,0.00036065,0.00030464,0.00024959,0.00019633,0.000146,0.00010005,6.0282e-05,2.8782e-05,7.8793e-06,0
0,8.722e-06,3.1807e-05,6.6541e-05,0.00011034,0.00016089,0.00021622,0.00027473,0.00033518,0.00039667,0.00045853,0.00052028,0.00058162,0.0006423,0.00070216,0.00076107,0.00081892,0.00087561,0.00093107,0.00098521,0.001038,0.0010893,0.001139,0.0011872,0.0012337,0.0012785,0.0013215,0.0013626,0.0014019,0.0014393,0.0014746,0.0015079,0.0015392,0.0015683,0.0015953,0.0016201,0.0016427,0.001663,0.0016811,0.0016969,0.0017103,0.0017215,0.0017303,0.0017367,0.0017407,0.0017424,0.0017417,0.0017386,0.0017332,0.0017254,0.0017152,0.0017026,0.0016877,0.0016705,0.0016509,0.0016291,0.001605,0.0015786,0.0015501,0.0015194,0.0014865,0.0014515,0.0014145,0.0013755,0.0013345,0.0012916,0.0012469,0.0012003,0.0011521,0.0011021,0.0010506,0.00099747,0.00094292,0.00088699,0.00082975,0.0007713,0.00071174,0.00065116,0.00058972,0.00052758,0.00046499,0.00040229,0.00033994,0.00027863,0.0002193,0.00016319,0.00011193,6.751e-05,3.228e-05,8.8571e-06,0
0,9.6989e-06,3.5305e-05,7.3775e-05,0.00012223,0.0001781,0.00023922,0.00030381,0.00037054,0.00043838,0.00050662,0.00057474,0.00064239,0.00070932,0.00077534,0.0008403,0.00090409,0.00096661,0.0010278,0.0010875,0.0011456,0.0012022,0.0012571,0.0013102,0.0013614,0.0014108,0.0014582,0.0015036,0.0015469,0.001588,0.001627,0.0016637,0.0016982,0.0017303,0.00176,0.0017874,0.0018123,0.0018347,0.0018546,0.001872,0.0018868,0.0018991,0.0019088,0.0019158,0.0019203,0.0019222,0.0019214,0.001918,0.001912,0.0019034,0.0018921,0.0018783,0.0018619,0.0018429,0.0018213,0.0017973,0.0017707,0.0017417,0.0017102,0.0016764,0.0016402,0.0016016,0.0015608,0.0015178,0.0014726,0.0014253,0.001376,0.0013247,0.0012715,0.0012164,0.0011596,0.001101,0.0010409,0.00097918,0.00091607,0.00085161,0.00078591,0.00071911,0.00065134,0.00058281,0.00051377,0.00044459,0.00037579,0.00030813,0.00024262,0.00018064,0.00012398,7.4842e-05,3.5825e-05,9.8475e-06,0
0,1.0689e-05,3.8853e-05,8.1116e-05,0.0001343,0.00019558,0.00026258,0.00033336,0.00040645,0.00048075,0.00055547,0.00063006,0.00070413,0.0007774,0.00084967,0.00092078,0.00099061,0.001059,0.001126,0.0011913,0.001255,0.0013169,0.0013769,0.0014351,0.0014912,0.0015452,0.0015971,0.0016467,0.0016941,0.0017391,0.0017818,0.0018219,0.0018596,0.0018948,0.0019273,0.0019572,0.0019844,0.0020089,0.0020307,0.0020497,0.002066,0.0020794,0.00209,0.0020977,0.0021026,0.0021047,0.0021038,0.0021001,0.0020935,0.0020841,0.0020718,0.0020567,0.0020387,0.002018,0.0019944,0.0019681,0.001939,0.0019073,0.0018729,0.0018358,0.0017962,0.0017541,0.0017094,0.0016624,0.0016129,0.0015612,0.0015072,0.0014511,0.0013928,0.0013325,0.0012703,0.0012062,0.0011404,0.0010729,0.0010038,0.00093323,0.00086131,0.00078818,0.00071398,0.00063894,0.00056334,0.00048758,0.00041223,0.0003381,0.00026632,0.00019837,0.00013622,8.2288e-05,3.9424e-05,1.0852e-05,0
0,1.1694e-05,4.2457e-05,8.8574e-05,0.00014657,0.00021335,0.00028632,0.00036339,0.00044296,0.00052383,0.00060515,0.00068631,0.0007669,0.00084662,0.00092524,0.0010026,0.0010786,0.001153,0.0012258,0.0012969,0.0013662,0.0014335,0.0014988,0.001562,0.001623,0.0016818,0.0017382,0.0017922,0.0018437,0.0018926,0.001939,0.0019827,0.0020237,0.0020619,0.0020972,0.0021297,0.0021593,0.002186,0.0022097,0.0022304,0.002248,0.0022626,0.0022741,0.0022825,0.0022879,0.0022901,0.0022892,0.0022852,0.002278,0.0022678,0.0022544,0.002238,0.0022185,0.0021959,0.0021703,0.0021417,0.0021101,0.0020756,0.0020382,0.0019979,0.0019549,0.001909,0.0018605,0.0018093,0.0017556,0.0016993,0.0016406,0.0015795,0.0015162,0.0014506,0.001383,0.0013133,0.0012416,0.0011682,0.001093,0.0010163,0.00093802,0.00085844,0.00077771,0.00069605,0.00061377,0.00053132,0.0004493,0.0003686,0.00029042,0.0002164,0.00014867,8.9857e-05,4.3082e-05,1.1873e-05,0
0,1.2716e-05,4.6122e-05,9.6159e-05,0.00015904,0.00023142,0.00031048,0.00039395,0.00048011,0.00056767,0.0006557,0.00074355,0.00083078,0.00091706,0.0010022,0.0010859,0.0011681,0.0012486,0.0013274,0.0014043,0.0014793,0.0015521,0.0016228,0.0016911,0.0017571,0.0018207,0.0018817,0.0019401,0.0019958,0.0020488,0.0020989,0.0021462,0.0021905,0.0022318,0.0022701,0.0023052,0.0023372,0.002366,0.0023917,0.002414,0.0024331,0.0024489,0.0024613,0.0024705,0.0024762,0.0024786,0.0024777,0.0024733,0.0024656,0.0024545,0.0024401,0.0024224,0.0024013,0.0023769,0.0023492,0.0023183,0.0022841,0.0022468,0.0022064,0.0021629,0.0021163,0.0020667,0.0020142,0.0019589,0.0019008,0.0018399,0.0017764,0.0017103,0.0016418,0.0015709,0.0014977,0.0014222,0.0013447,0.0012653,0.0011839,0.0011008,0.0010161,0.00093,0.00084261,0.00075421,0.00066514,0.00057586,0.00048705,0.00039965,0.00031496,0.00023476,0.00016135,9.7562e-05,4.6805e-05,1.2911e-05,0
0,1.3757e-05,4.9853e-05,0.00010388,0.00017175,0.00024983,0.00033509,0.00042509,0.00051797,0.00061233,0.0007072,0.00080187,0.00089586,0.00098882,0.0010805,0.0011707,0.0012593,0.0013461,0.0014309,0.0015138,0.0015945,0.0016729,0.001749,0.0018227,0.0018937,0.0019622,0.0020279,0.0020908,0.0021508,0.0022078,0.0022618,0.0023127,0.0023603,0.0024048,0.002446,0.0024838,0.0025183,0.0025493,0.0025769,0.002601,0.0026215,0.0026385,0.0026519,0.0026618,0.002668,0.0026706,0.0026695,0.0026649,0.0026566,0.0026447,0.0026292,0.0026101,0.0025874,0.0025611,0.0025314,0.0024981,0.0024614,0.0024212,0.0023777,0.0023308,0.0022807,0.0022274,0.0021709,0.0021113,0.0020487,0.0019832,0.0019148,0.0018436,0.0017698,0.0016934,0.0016145,0.0015333,0.0014498,0.0013642,0.0012765,0.001187,0.0010958,0.001003,0.00090878,0.00081351,0.00071751,0.00062128,0.00052554,0.0004313,0.00033998,0.00025348,0.00017426,0.00010542,5.0598e-05,1.3969e-05,0
0,1.4818e-05,5.3658e-05,0.00011176,0.00018471,0.00026861,0.00036019,0.00045685,0.00055657,0.00065788,0.00075973,0.00086135,0.00096224,0.001062,0.0011604,0.0012572,0.0013523,0.0014454,0.0015365,0.0016253,0.0017119,0.0017961,0.0018777,0.0019567,0.002033,0.0021064,0.0021769,0.0022443,0.0023087,0.0023698,0.0024277,0.0024823,0.0025334,0.0025811,0.0026253,0.0026659,0.0027028,0.0027361,0.0027657,0.0027915,0.0028135,0.0028317,0.0028461,0.0028567,0.0028633,0.0028661,0.002865,0.0028601,0.0028512,0.0028385,0.0028218,0.0028014,0.0027771,0.0027489,0.002717,0.0026814,0.002642,0.002599,0.0025523,0.0025021,0.0024483,0.0023911,0.0023306,0.0022667,0.0021995,0.0021293,0.0020559,0.0019796,0.0019004,0.0018184,0.0017338,0.0016466,0.001557,0.0014652,0.0013711,0.001275,0.0011771,0.0010774,0.00097632,0.00087404,0.00077097,0.00066764,0.00056483,0.00046362,0.00036552,0.00027258,0.00018745,0.00011343,5.447e-05,1.5049e-05,0
0,1.59e-05,5.7543e-05,0.0001198,0.00019794,0.00028778,0.00038582,0.00048927,0.00059599,0.00070439,0.00081336,0.00092208,0.00103,0.0011367,0.001242,0.0013455,0.0014472,0.0015468,0.0016442,0.0017392,0.0018318,0.0019218,0.0020091,0.0020936,0.0021751,0.0022536,0.0023289,0.002401,0.0024698,0.0025352,0.002597,0.0026553,0.00271,0.002761,0.0028081,0.0028515,0.002891,0.0029266,0.0029582,0.0029858,0.0030093,0.0030288,0.0030442,0.0030555,0.0030626,0.0030656,0.0030644,0.0030591,0.0030497,0.0030361,0.0030184,0.0029965,0.0029706,0.0029405,0.0029065,0.0028684,0.0028263,0.0027804,0.0027305,0.0026769,0.0026194,0.0025583,0.0024936,0.0024253,0.0023535,0.0022784,0.0022,0.0021184,0.0020338,0.0019461,0.0018556,0.0017624,0.0016666,0.0015683,0.0014677,0.0013649,0.0012601,0.0011535,0.0010453,0.00093589,0.00082559,0.00071501,0.00060498,0.00049664,0.00039162,0.0002921,0.00020092,0.00012162,5.8425e-05,1.6151e-05,0
0,1.7007e-05,6.1512e-05,0.00012802,0.00021146,0.00030737,0.00041201,0.00052241,0.00063628,0.00075193,0.00086817,0.00098414,0.0010993,0.0012131,0.0013253,0.0014358,0.0015442,0.0016504,0.0017542,0.0018556,0.0019543,0.0020502,0.0021433,0.0022333,0.0023202,0.0024039,0.0024842,0.002561,0.0026343,0.002704,0.0027699,0.002832,0.0028903,0.0029445,0.0029948,0.003041,0.0030831,0.003121,0.0031547,0.0031841,0.0032092,0.0032299,0.0032463,0.0032584,0.003266,0.0032692,0.003268,0.0032624,0.0032523,0.0032379,0.003219,0.0031957,0.0031681,0.0031362,0.0030999,0.0030594,0.0030146,0.0029656,0.0029126,0.0028554,0.0027942,0.0027291,0.0026601,0.0025874,0.0025109,0.0024309,0.0023473,0.0022603,0.0021701,0.0020766,0.0019802,0.0018808,0.0017786,0.0016738,0.0015665,0.0014568,0.001345,0.0012313,0.0011159,0.00099916,0.00088148,0.00076348,0.00064605,0.00053042,0.00041832,0.00031207,0.0002147,0.00013,6.2471e-05,1.728e-05,0
0,1.8139e-05,6.5574e-05,0.00013643,0.0002253,0.00032742,0.00043881,0.00055631,0.0006775,0.00080057,0.00092425,0.0010476,0.0011701,0.0012912,0.0014106,0.0015281,0.0016434,0.0017563,0.0018668,0.0019746,0.0020795,0.0021816,0.0022805,0.0023762,0.0024686,0.0025575,0.0026429,0.0027246,0.0028025,0.0028765,0.0029466,0.0030126,0.0030745,0.0031322,0.0031856,0.0032347,0.0032794,0.0033197,0.0033554,0.0033867,0.0034134,0.0034354,0.0034529,0.0034657,0.0034738,0.0034772,0.003476,0.00347,0.0034594,0.003444,0.003424,0.0033993,0.00337,0.0033361,0.0032976,0.0032546,0.003207,0.003155,0.0030987,0.0030379,0.002973,0.0029038,0.0028305,0.0027532,0.0026719,0.0025868,0.002498,0.0024055,0.0023096,0.0022102,0.0021076,0.0020019,0.0018932,0.0017817,0.0016676,0.001551,0.001432,0.001311,0.0011882,0.001064,0.00093871,0.00081311,0.00068811,0.00056502,0.00044567,0.00033253,0.00022882,0.00013858,6.6616e-05,1.8435e-05,0
0,1.9298e-05,6.9734e-05,0.00014505,0.00023947,0.00034795,0.00046626,0.00059104,0.00071972,0.00085039,0.00098169,0.0011127,0.0012427,0.0013712,0.0014979,0.0016226,0.001745,0.0018648,0.001982,0.0020964,0.0022077,0.002316,0.0024209,0.0025225,0.0026204,0.0027147,0.0028053,0.0028919,0.0029745,0.003053,0.0031273,0.0031973,0.0032629,0.003324,0.0033807,0.0034327,0.0034801,0.0035228,0.0035608,0.0035939,0.0036222,0.0036456,0.0036641,0.0036777,0.0036863,0.00369,0.0036886,0.0036824,0.0036711,0.0036549,0.0036337,0.0036076,0.0035766,0.0035406,0.0034999,0.0034543,0.0034039,0.0033488,0.0032891,0.0032248,0.0031559,0.0030826,0.0030049,0.0029229,0.0028367,0.0027465,0.0026523,0.0025542,0.0024525,0.0023471,0.0022382,0.002126,0.0020107,0.0018924,0.0017712,0.0016474,0.0015212,0.0013927,0.0012623,0.0011304,0.00099738,0.000864,0.00073124,0.0006005,0.00047371,0.0003535,0.00024329,0.00014737,7.0865e-05,1.962e-05,0
0,2.0487e-05,7.4e-05,0.00015388,0.000254,0.000369,0.00049441,0.00062665,0.000763,0.00090145,0.0010406,0.0011793,0.0013171,0.0014532,0.0015874,0.0017195,0.0018491,0.001976,0.0021001,0.0022212,0.0023391,0.0024537,0.0025648,0.0026722,0.0027759,0.0028758,0.0029715,0.0030632,0.0031506,0.0032337,0.0033123,0.0033863,0.0034557,0.0035205,0.0035804,0.0036354,0.0036856,0.0037307,0.0037709,0.0038059,0.0038358,0.0038606,0.0038802,0.0038946,0.0039037,0.0039076,0.0039063,0.0038997,0.0038878,0.0038707,0.0038483,0.0038207,0.003788,0.00375,0.0037069,0.0036587,0.0036055,0.0035473,0.0034841,0.0034161,0.0033433,0.0032657,0.0031835,0.0030968,0.0030057,0.0029102,0.0028105,0.0027067,0.0025989,0.0024874,0.0023721,0.0022533,0.0021312,0.0020059,0.0018775,0.0017464,0.0016126,0.0014765,0.0013384,0.0011985,0.0010576,0.00091622,0.0007755,0.0006369,0.00050248,0.00037502,0.00025815,0.0001564,7.5226e-05,2.0836e-05,0
0,2.1707e-05,7.8377e-05,0.00016295,0.00026892,0.00039061,0.00052329,0.00066319,0.00080742,0.00095386,0.001101,0.0012477,0.0013934,0.0015373,0.0016793,0.0018188,0.0019558,0.00209,0.0022212,0.0023492,0.0024738,0.0025948,0.0027122,0.0028258,0.0029353,0.0030408,0.003142,0.0032388,0.0033311,0.0034188,0.0035018,0.00358,0.0036533,0.0037217,0.0037849,0.0038431,0.003896,0.0039437,0.0039861,0.0040231,0.0040547,0.0040809,0.0041016,0.0041168,0.0041264,0.0041306,0.0041292,0.0041223,0.0041098,0.0040917,0.0040682,0.0040391,0.0040045,0.0039645,0.0039191,0.0038683,0.0038121,0.0037507,0.003684,0.0036122,0.0035354,0.0034535,0.0033667,0.0032752,0.0031789,0.003078,0.0029727,0.0028631,0.0027492,0.0026313,0.0025095,0.002384,0.0022549,0.0021224,0.0019867,0.001848,0.0017065,0.0015626,0.0014165,0.0012686,0.0011194,0.00096987,0.00082097,0.0006743,0.00053204,0.00039713,0.00027341,0.00016568,7.9706e-05,2.2085e-05,0
0,2.296e-05,8.2874e-05,0.00017226,0.00028424,0.0004128,0.00055296,0.00070072,0.00085304,0.0010077,0.001163,0.001318,0.0014717,0.0016237,0.0017735,0.0019209,0.0020654,0.002207,0.0023455,0.0024805,0.002612,0.0027397,0.0028635,0.0029833,0.0030989,0.0032101,0.0033168,0.0034189,0.0035162,0.0036087,0.0036962,0.0037786,0.0038559,0.0039279,0.0039946,0.0040559,0.0041117,0.0041619,0.0042066,0.0042456,0.004279,0.0043066,0.0043284,0.0043444,0.0043547,0.0043591,0.0043577,0.0043504,0.0043373,0.0043183,0.0042935,0.004263,0.0042266,0.0041845,0.0041366,0.0040831,0.004024,0.0039593,0.0038891,0.0038134,0.0037324,0.0036462,0.0035547,0.0034582,0.0033567,0.0032504,0.0031393,0.0030237,0.0029036,0.0027792,0.0026507,0.0025182,0.002382,0.0022421,0.0020989,0.0019524,0.0018031,0.0016511,0.0014967,0.0013405,0.001183,0.001025,0.00086773,0.00071277,0.00056245,0.00041987,0.00028911,0.00017522,8.4315e-05,2.337e-05,0
0,2.4249e-05,8.7498e-05,0.00018183,0.00029999,0.00043562,0.00058346,0.0007393,0.00089994,0.001063,0.0012268,0.0013902,0.0015522,0.0017125,0.0018704,0.0020257,0.0021781,0.0023273,0.0024731,0.0026154,0.0027539,0.0028885,0.0030189,0.0031451,0.0032668,0.0033838,0.0034962,0.0036037,0.0037061,0.0038035,0.0038956,0.0039824,0.0040637,0.0041395,0.0042097,0.0042742,0.0043329,0.0043858,0.0044328,0.0044739,0.004509,0.004538,0.004561,0.0045779,0.0045887,0.0045934,0.004592,0.0045844,0.0045706,0.0045507,0.0045247,0.0044926,0.0044544,0.0044101,0.0043598,0.0043036,0.0042414,0.0041734,0.0040996,0.00402,0.0039348,0.003844,0.0037478,0.0036462,0.0035394,0.0034275,0.0033105,0.0031887,0.0030622,0.0029312,0.0027958,0.0026562,0.0025126,0.0023652,0.0022142,0.0020599,0.0019024,0.0017421,0.0015794,0.0014146,0.0012485,0.0010818,0.00091585,0.00075235,0.00059374,0.00044328,0.00030526,0.00018504,8.9059e-05,2.4693e-05,0
0,2.5575e-05,9.2257e-05,0.00019169,0.0003162,0.00045911,0.00061485,0.000779,0.00094819,0.0011199,0.0012924,0.0014644,0.0016351,0.0018038,0.00197,0.0021335,0.0022939,0.0024509,0.0026044,0.0027541,0.0028998,0.0030414,0.0031786,0.0033113,0.0034392,0.0035624,0.0036805,0.0037935,0.0039012,0.0040036,0.0041004,0.0041916,0.004277,0.0043567,0.0044305,0.0044982,0.0045599,0.0046155,0.0046649,0.0047081,0.004745,0.0047755,0.0047997,0.0048175,0.0048289,0.0048339,0.0048324,0.0048245,0.0048101,0.0047892,0.004762,0.0047283,0.0046882,0.0046418,0.004589,0.00453,0.0044647,0.0043933,0.0043158,0.0042322,0.0041427,0.0040473,0.0039462,0.0038395,0.0037272,0.0036095,0.0034865,0.0033585,0.0032254,0.0030876,0.0029452,0.0027983,0.0026471,0.002492,0.002333,0.0021705,0.0020047,0.0018359,0.0016644,0.0014909,0.0013159,0.0011403,0.00096542,0.00079314,0.00062598,0.0004674,0.00032191,0.00019516,9.3948e-05,2.6056e-05,0
0,2.6942e-05,9.7159e-05,0.00020183,0.00033289,0.00048329,0.00064717,0.00081989,0.00099788,0.0011785,0.00136,0.0015409,0.0017204,0.0018977,0.0020726,0.0022444,0.002413,0.0025781,0.0027394,0.0028967,0.0030499,0.0031986,0.0033428,0.0034821,0.0036166,0.0037459,0.0038699,0.0039886,0.0041017,0.0042091,0.0043108,0.0044065,0.0044962,0.0045798,0.0046572,0.0047283,0.0047931,0.0048514,0.0049033,0.0049486,0.0049873,0.0050194,0.0050448,0.0050636,0.0050756,0.0050808,0.0050793,0.005071,0.005056,0.0050342,0.0050057,0.0049704,0.0049284,0.0048798,0.0048245,0.0047626,0.0046942,0.0046193,0.004538,0.0044504,0.0043565,0.0042564,0.0041503,0.0040383,0.0039204,0.0037968,0.0036677,0.0035332,0.0033934,0.0032486,0.0030989,0.0029445,0.0027857,0.0026225,0.0024554,0.0022845,0.0021101,0.0019325,0.0017521,0.0015695,0.0013854,0.0012006,0.0010165,0.0008352,0.00065923,0.00049228,0.00033908,0.0002056,9.899e-05,2.7462e-05,0
0,2.835e-05,0.00010221,0.0002123,0.0003501,0.00050822,0.00068049,0.00086203,0.0010491,0.0012389,0.0014296,0.0016197,0.0018082,0.0019946,0.0021782,0.0023587,0.0025357,0.0027091,0.0028784,0.0030436,0.0032044,0.0033605,0.0035117,0.003658,0.003799,0.0039347,0.0040648,0.0041892,0.0043079,0.0044205,0.0045271,0.0046274,0.0047215,0.0048091,0.0048903,0.0049648,0.0050327,0.0050939,0.0051482,0.0051957,0.0052363,0.00527,0.0052966,0.0053163,0.0053289,0.0053345,0.005333,0.0053244,0.0053087,0.0052859,0.0052561,0.0052192,0.0051753,0.0051244,0.0050666,0.0050018,0.0049302,0.0048517,0.0047666,0.0046748,0.0045764,0.0044715,0.0043603,0.0042429,0.0041193,0.0039897,0.0038543,0.0037131,0.0035665,0.0034145,0.0032574,0.0030953,0.0029285,0.0027571,0.0025816,0.002402,0.0022187,0.0020321,0.0018426,0.0016507,0.0014571,0.0012628,0.0010693,0.0008786,0.00069355,0.00051795,0.0003568,0.00021637,0.0001042,2.8914e-05,0
0,2.9803e-05,0.00010743,0.00022309,0.00036786,0.00053394,0.00071486,0.00090549,0.0011019,0.0013012,0.0015014,0.0017009,0.0018988,0.0020944,0.002287,0.0024764,0.0026622,0.002844,0.0030217,0.0031949,0.0033635,0.0035271,0.0036857,0.003839,0.0039868,0.004129,0.0042653,0.0043957,0.00452,0.004638,0.0047496,0.0048547,0.0049532,0.0050449,0.0051299,0.0052079,0.005279,0.0053431,0.0054,0.0054497,0.0054923,0.0055275,0.0055555,0.0055761,0.0055893,0.0055952,0.0055937,0.0055848,0.0055684,0.0055447,0.0055135,0.005475,0.0054292,0.005376,0.0053155,0.0052478,0.0051729,0.0050909,0.0050018,0.0049057,0.0048028,0.004693,0.0045766,0.0044536,0.0043242,0.0041884,0.0040465,0.0038986,0.0037449,0.0035855,0.0034208,0.0032508,0.0030758,0.002896,0.0027118,0.0025233,0.0023309,0.002135,0.001936,0.0017345,0.0015311,0.001327,0.0011238,0.00092344,0.00072899,0.00054447,0.00037511,0.00022751,0.00010957,3.0414e-05,0
0,3.1304e-05,0.00011281,0.00023424,0.00038619,0.00056049,0.00075034,0.00095036,0.0011564,0.0013655,0.0015755,0.0017847,0.0019923,0.0021973,0.0023993,0.0025979,0.0027926,0.0029832,0.0031694,0.0033509,0.0035275,0.0036989,0.003865,0.0040255,0.0041803,0.0043291,0.0044718,0.0046083,0.0047383,0.0048618,0.0049786,0.0050885,0.0051916,0.0052876,0.0053764,0.0054581,0.0055324,0.0055994,0.0056589,0.005711,0.0057554,0.0057924,0.0058216,0.0058432,0.0058571,0.0058634,0.0058618,0.0058526,0.0058356,0.0058108,0.0057784,0.0057382,0.0056904,0.0056349,0.0055717,0.005501,0.0054228,0.0053371,0.005244,0.0051436,0.005036,0.0049212,0.0047995,0.0046708,0.0045353,0.0043933,0.0042447,0.0040899,0.0039289,0.003762,0.0035894,0.0034112,0.0032278,0.0030394,0.0028462,0.0026486,0.0024468,0.0022413,0.0020325,0.001821,0.0016076,0.0013935,0.0011801,0.00096979,0.00076564,0.00057189,0.00039404,0.00023902,0.00011513,3.1966e-05,0
0,3.2855e-05,0.00011837,0.00024575,0.00040513,0.00058792,0.000787,0.00099672,0.0012127,0.0014319,0.001652,0.0018713,0.0020888,0.0023036,0.0025153,0.0027233,0.0029272,0.0031268,0.0033217,0.0035117,0.0036966,0.003876,0.0040498,0.0042178,0.0043797,0.0045354,0.0046846,0.0048273,0.0049633,0.0050923,0.0052144,0.0053293,0.005437,0.0055373,0.0056302,0.0057155,0.0057931,0.0058631,0.0059253,0.0059797,0.0060262,0.0060648,0.0060954,0.0061181,0.0061327,0.0061392,0.0061377,0.0061281,0.0061105,0.0060847,0.0060509,0.0060091,0.0059592,0.0059014,0.0058355,0.0057618,0.0056801,0.0055907,0.0054935,0.0053887,0.0052763,0.0051564,0.0050292,0.0048947,0.0047531,0.0046046,0.0044493,0.0042873,0.0041189,0.0039442,0.0037635,0.003577,0.0033849,0.0031876,0.0029852,0.0027781,0.0025667,0.0023512,0.0021323,0.0019106,0.0016868,0.0014622,0.0012384,0.0010177,0.00080357,0.00060027,0.00041364,0.00025093,0.00012089,3.3571e-05,0
0,3.4459e-05,0.00012413,0.00025766,0.00042472,0.00061629,0.00082491,0.0010446,0.001271,0.0015006,0.001731,0.0019607,0.0021885,0.0024135,0.002635,0.0028528,0.0030662,0.0032751,0.003479,0.0036778,0.0038711,0.0040588,0.0042405,0.0044161,0.0045853,0.004748,0.004904,0.0050531,0.0051951,0.0053299,0.0054574,0.0055774,0.0056898,0.0057945,0.0058914,0.0059805,0.0060616,0.0061346,0.0061996,0.0062564,0.006305,0.0063453,0.0063773,0.0064009,0.0064162,0.0064232,0.0064217,0.0064118,0.0063934,0.0063667,0.0063315,0.006288,0.0062361,0.0061758,0.0061072,0.0060304,0.0059453,0.005852,0.0057507,0.0056414,0.0055241,0.005399,0.0052662,0.0051258,0.0049779,0.0048227,0.0046604,0.0044911,0.0043151,0.0041324,0.0039434,0.0037483,0.0035473,0.0033408,0.0031289,0.0029121,0.0026906,0.002465,0.0022356,0.0020033,0.0017687,0.0015333,0.0012987,0.0010674,0.00084284,0.00062966,0.00043393,0.00026327,0.00012685,3.5235e-05,0
0,3.6119e-05,0.00013008,0.00026999,0.00044499,0.00064564,0.00086413,0.0010942,0.0013312,0.0015716,0.0018128,0.0020533,0.0022916,0.002527,0.0027588,0.0029866,0.0032098,0.0034282,0.0036415,0.0038493,0.0040514,0.0042475,0.0044373,0.0046208,0.0047975,0.0049674,0.0051302,0.0052859,0.0054341,0.0055748,0.0057078,0.005833,0.0059503,0.0060595,0.0061606,0.0062535,0.0063381,0.0064143,0.006482,0.0065413,0.0065919,0.006634,0.0066674,0.0066922,0.0067082,0.0067155,0.006714,0.0067038,0.0066848,0.0066571,0.0066205,0.0065753,0.0065213,0.0064586,0.0063872,0.0063072,0.0062186,0.0061215,0.0060159,0.005902,0.0057797,0.0056493,0.0055108,0.0053643,0.00521,0.005048,0.0048786,0.0047018,0.0045178,0.004327,0.0041295,0.0039255,0.0037153,0.0034993,0.0032776,0.0030507,0.002819,0.0025827,0.0023426,0.0020993,0.0018536,0.001607,0.0013612,0.0011189,0.00088354,0.00066012,0.00045496,0.00027606,0.00013303,3.696e-05,0
0,3.7839e-05,0.00013625,0.00028276,0.00046599,0.00067604,0.00090474,0.0011456,0.0013935,0.0016451,0.0018975,0.002149,0.0023983,0.0026445,0.0028869,0.003125,0.0033583,0.0035866,0.0038094,0.0040265,0.0042376,0.0044424,0.0046406,0.0048321,0.0050166,0.0051938,0.0053637,0.0055261,0.0056806,0.0058274,0.005966,0.0060965,0.0062188,0.0063326,0.006438,0.0065348,0.0066229,0.0067023,0.0067729,0.0068347,0.0068875,0.0069314,0.0069663,0.0069921,0.0070089,0.0070166,0.0070152,0.0070046,0.006985,0.0069562,0.0069183,0.0068713,0.0068152,0.00675,0.0066758,0.0065926,0.0065004,0.0063994,0.0062895,0.0061708,0.0060435,0.0059076,0.0057633,0.0056106,0.0054498,0.0052808,0.005104,0.0049195,0.0047275,0.0045283,0.004322,0.0041089,0.0038892,0.0036634,0.0034317,0.0031944,0.0029519,0.0027048,0.0024535,0.0021988,0.0019417,0.0016834,0.0014261,0.0011722,0.00092576,0.00069172,0.00047678,0.00028933,0.00013945,3.8749e-05,0
0,3.9622e-05,0.00014265,0.000296,0.00048775,0.00070755,0.00094682,0.0011988,0.0014582,0.0017212,0.0019852,0.0022481,0.0025088,0.0027661,0.0030194,0.0032682,0.003512,0.0037504,0.0039831,0.0042098,0.0044301,0.0046438,0.0048507,0.0050504,0.0052428,0.0054277,0.0056048,0.005774,0.0059351,0.006088,0.0062324,0.0063684,0.0064957,0.0066143,0.006724,0.0068248,0.0069165,0.0069992,0.0070727,0.007137,0.0071921,0.0072378,0.0072741,0.0073011,0.0073187,0.0073268,0.0073254,0.0073146,0.0072942,0.0072644,0.0072252,0.0071764,0.0071182,0.0070505,0.0069734,0.006887,0.0067912,0.0066861,0.0065718,0.0064484,0.0063159,0.0061745,0.0060242,0.0058652,0.0056976,0.0055215,0.0053372,0.0051448,0.0049445,0.0047366,0.0045212,0.0042987,0.0040694,0.0038335,0.0035913,0.0033433,0.0030898,0.0028313,0.0025685,0.0023021,0.002033,0.0017628,0.0014934,0.0012277,0.00096959,0.00072453,0.00049944,0.00030311,0.00014611,4.0608e-05,0
0,4.1472e-05,0.00014928,0.00030972,0.00051032,0.00074023,0.00099047,0.0012539,0.0015251,0.0018001,0.002076,0.0023509,0.0026232,0.0028921,0.0031567,0.0034165,0.0036711,0.00392,0.0041628,0.0043994,0.0046292,0.0048521,0.0050678,0.005276,0.0054766,0.0056692,0.0058538,0.00603,0.0061978,0.0063569,0.0065073,0.0066489,0.0067814,0.0069047,0.0070189,0.0071238,0.0072192,0.0073052,0.0073817,0.0074486,0.0075059,0.0075535,0.0075914,0.0076195,0.0076379,0.0076464,0.0076451,0.007634,0.007613,0.0075822,0.0075415,0.0074909,0.0074306,0.0073604,0.0072804,0.0071906,0.0070912,0.006982,0.0068633,0.006735,0.0065973,0.0064501,0.0062938,0.0061283,0.0059538,0.0057704,0.0055784,0.0053779,0.0051691,0.0049523,0.0047277,0.0044955,0.0042561,0.0040098,0.0037568,0.0034977,0.0032328,0.0029627,0.0026879,0.0024093,0.0021278,0.0018451,0.0015633,0.0012852,0.0010151,0.00075862,0.00052299,0.00031743,0.00015303,4.254e-05,0
0,4.3393e-05,0.00015617,0.00032398,0.00053375,0.00077414,0.0010358,0.0013111,0.0015946,0.001882,0.0021703,0.0024574,0.0027419,0.0030227,0.003299,0.0035702,0.0038359,0.0040956,0.0043489,0.0045956,0.0048353,0.0050676,0.0052924,0.0055094,0.0057183,0.0059189,0.006111,0.0062945,0.0064691,0.0066347,0.0067911,0.0069383,0.0070761,0.0072044,0.0073231,0.0074321,0.0075314,0.0076208,0.0077003,0.0077699,0.0078295,0.007879,0.0079184,0.0079477,0.0079669,0.0079759,0.0079747,0.0079633,0.0079416,0.0079098,0.0078677,0.0078153,0.0077528,0.0076801,0.0075971,0.0075041,0.0074009,0.0072876,0.0071643,0.0070311,0.006888,0.0067351,0.0065725,0.0064004,0.0062189,0.0060281,0.0058282,0.0056193,0.0054018,0.0051758,0.0049417,0.0046995,0.0044497,0.0041927,0.0039286,0.0036581,0.0033814,0.0030991,0.0028119,0.0025206,0.0022264,0.0019308,0.0016359,0.0013451,0.0010625,0.00079407,0.00054747,0.00033233,0.00016023,4.455e-05,0
0,4.5389e-05,0.00016332,0.00033878,0.00055809,0.00080937,0.0010828,0.0013706,0.0016668,0.001967,0.0022681,0.002568,0.002865,0.0031581,0.0034465,0.0037295,0.0040067,0.0042776,0.0045417,0.0047989,0.0050486,0.0052907,0.0055249,0.0057508,0.0059683,0.0061771,0.006377,0.0065678,0.0067494,0.0069216,0.0070842,0.0072372,0.0073804,0.0075137,0.007637,0.0077503,0.0078534,0.0079462,0.0080289,0.0081011,0.008163,0.0082145,0.0082556,0.0082861,0.0083061,0.0083156,0.0083145,0.0083028,0.0082805,0.0082476,0.0082041,0.00815,0.0080852,0.0080099,0.007924,0.0078276,0.0077206,0.0076031,0.0074753,0.007337,0.0071884,0.0070297,0.0068608,0.0066819,0.0064932,0.0062948,0.0060868,0.0058695,0.005643,0.0054076,0.0051636,0.0049112,0.0046507,0.0043826,0.004107,0.0038246,0.0035357,0.0032409,0.0029409,0.0026365,0.0023289,0.0020198,0.0017115,0.0014073,0.0011118,0.00083097,0.00057296,0.00034784,0.00016773,4.6643e-05,0
0,4.7465e-05,0.00017077,0.00035418,0.0005834,0.000846,0.0011317,0.0014324,0.0017417,0.0020553,0.0023698,0.0026828,0.0029929,0.0032987,0.0035996,0.0038948,0.0041839,0.0044663,0.0047416,0.0050095,0.0052697,0.0055218,0.0057655,0.0060007,0.0062269,0.0064441,0.006652,0.0068504,0.0070391,0.007218,0.007387,0.0075459,0.0076946,0.007833,0.007961,0.0080785,0.0081856,0.008282,0.0083677,0.0084428,0.0085071,0.0085605,0.0086032,0.008635,0.0086558,0.0086658,0.0086648,0.0086529,0.0086299,0.008596,0.0085511,0.0084952,0.0084283,0.0083504,0.0082615,0.0081616,0.0080508,0.0079291,0.0077966,0.0076532,0.0074991,0.0073344,0.0071591,0.0069733,0.0067773,0.006571,0.0063548,0.0061287,0.005893,0.005648,0.0053939,0.0051309,0.0048594,0.0045798,0.0042924,0.0039977,0.0036962,0.0033884,0.003075,0.002757,0.0024356,0.0021126,0.0017903,0.0014722,0.0011631,0.0008694,0.00059952,0.00036399,0.00017554,4.8823e-05,0
0,4.9625e-05,0.00017851,0.0003702,0.00060973,0.0008841,0.0011826,0.0014966,0.0018197,0.0021471,0.0024754,0.0028021,0.0031257,0.0034448,0.0037586,0.0040664,0.0043677,0.004662,0.0049489,0.0052279,0.0054988,0.0057612,0.0060148,0.0062594,0.0064947,0.0067204,0.0069365,0.0071426,0.0073386,0.0075244,0.0076998,0.0078647,0.008019,0.0081626,0.0082954,0.0084174,0.0085284,0.0086284,0.0087173,0.0087952,0.0088619,0.0089174,0.0089617,0.0089947,0.0090165,0.009027,0.0090261,0.0090139,0.0089904,0.0089555,0.0089091,0.0088514,0.0087823,0.0087018,0.0086099,0.0085066,0.008392,0.008266,0.0081287,0.0079802,0.0078205,0.0076497,0.0074678,0.0072751,0.0070715,0.0068573,0.0066326,0.0063976,0.0061525,0.0058975,0.005633,0.0053591,0.0050763,0.0047849,0.0044852,0.0041778,0.0038632,0.0035419,0.0032147,0.0028825,0.0025468,0.0022092,0.0018723,0.0015398,0.0012166,0.00090948,0.00062721,0.00038084,0.00018369,5.1098e-05,0
0,5.1875e-05,0.00018658,0.00038689,0.00063715,0.00092377,0.0012355,0.0015635,0.0019009,0.0022426,0.0025853,0.0029262,0.0032638,0.0035966,0.0039238,0.0042447,0.0045587,0.0048653,0.005164,0.0054545,0.0057364,0.0060094,0.0062731,0.0065274,0.0067719,0.0070065,0.0072309,0.0074449,0.0076484,0.0078411,0.0080231,0.0081942,0.0083542,0.0085031,0.0086407,0.0087671,0.0088822,0.0089858,0.009078,0.0091587,0.0092278,0.0092854,0.0093314,0.0093658,0.0093885,0.0093995,0.0093988,0.0093864,0.0093622,0.0093263,0.0092786,0.009219,0.0091477,0.0090646,0.0089697,0.008863,0.0087444,0.0086141,0.0084721,0.0083184,0.008153,0.007976,0.0077875,0.0075876,0.0073764,0.007154,0.0069207,0.0066765,0.0064217,0.0061566,0.0058814,0.0055963,0.0053018,0.0049982,0.0046858,0.0043653,0.0040371,0.0037018,0.0033602,0.0030134,0.0026627,0.0023099,0.0019579,0.0016103,0.0012724,0.0009513,0.00065611,0.00039843,0.00019219,5.3473e-05,0
0,5.4222e-05,0.00019499,0.00040429,0.00066573,0.00096512,0.0012907,0.0016331,0.0019854,0.0023421,0.0026997,0.0030554,0.0034075,0.0037545,0.0040956,0.00443,0.0047571,0.0050763,0.0053873,0.0056896,0.0059829,0.0062668,0.006541,0.0068052,0.0070592,0.0073027,0.0075356,0.0077577,0.0079688,0.0081687,0.0083574,0.0085347,0.0087005,0.0088547,0.0089973,0.0091282,0.0092474,0.0093547,0.0094502,0.0095337,0.0096054,0.0096651,0.0097128,0.0097485,0.0097721,0.0097837,0.0097832,0.0097706,0.0097458,0.0097089,0.0096598,0.0095985,0.009525,0.0094392,0.0093413,0.0092311,0.0091087,0.008974,0.0088272,0.0086682,0.008497,0.0083138,0.0081186,0.0079114,0.0076924,0.0074618,0.0072196,0.0069661,0.0067014,0.0064258,0.0061396,0.005843,0.0055364,0.0052202,0.0048948,0.0045606,0.0042183,0.0038685,0.003512,0.0031499,0.0027836,0.0024151,0.0020473,0.001684,0.0013308,0.00099499,0.00068631,0.00041681,0.00020108,5.5955e-05,0
0,5.667e-05,0.00020376,0.00042243,0.00069554,0.0010082,0.0013482,0.0017058,0.0020734,0.0024458,0.0028188,0.0031899,0.003557,0.0039189,0.0042744,0.0046227,0.0049634,0.0052957,0.0056194,0.0059339,0.0062388,0.0065339,0.0068188,0.0070932,0.0073569,0.0076096,0.0078513,0.0080815,0.0083004,0.0085076,0.008703,0.0088866,0.0090583,0.009218,0.0093656,0.0095011,0.0096244,0.0097354,0.0098342,0.0099207,0.0099949,0.010057,0.010106,0.010143,0.010168,0.01018,0.01018,0.010167,0.010142,0.010104,0.010053,0.0099901,0.0099144,0.0098261,0.0097251,0.0096115,0.0094851,0.0093461,0.0091944,0.0090301,0.0088531,0.0086636,0.0084615,0.008247,0.0080202,0.0077811,0.0075299,0.0072668,0.006992,0.0067056,0.0064081,0.0060997,0.0057806,0.0054514,0.0051125,0.0047642,0.0044074,0.0040425,0.0036705,0.0032925,0.0029099,0.002525,0.0021406,0.001761,0.0013917,0.0010407,0.00071788,0.00043602,0.00021037,5.855e-05,0
0,5.9228e-05,0.00021293,0.00044138,0.00072667,0.0010533,0.0014083,0.0017816,0.0021653,0.0025539,0.0029431,0.0033301,0.0037129,0.0040901,0.0044605,0.0048233,0.005178,0.0055239,0.0058606,0.0061876,0.0065046,0.0068112,0.007107,0.0073919,0.0076655,0.0079277,0.0081782,0.0084169,0.0086436,0.0088581,0.0090605,0.0092505,0.0094282,0.0095934,0.009746,0.0098861,0.010014,0.010128,0.010231,0.01032,0.010397,0.010461,0.010512,0.01055,0.010576,0.010589,0.010589,0.010576,0.01055,0.010511,0.010459,0.010394,0.010317,0.010226,0.010122,0.010005,0.0098743,0.0097309,0.0095744,0.0094047,0.0092219,0.0090259,0.008817,0.008595,0.0083601,0.0081124,0.0078521,0.0075792,0.007294,0.0069967,0.0066876,0.0063669,0.0060351,0.0056925,0.0053395,0.0049767,0.0046047,0.0042241,0.003836,0.0034414,0.003042,0.0026399,0.0022383,0.0018415,0.0014555,0.0010885,0.00075093,0.00045614,0.0002201,6.1269e-05,0
0,6.1902e-05,0.00022251,0.00046119,0.0007592,0.0011003,0.001471,0.0018607,0.0022613,0.0026667,0.0030728,0.0034764,0.0038755,0.0042685,0.0046544,0.0050323,0.0054014,0.0057613,0.0061115,0.0064514,0.0067808,0.0070991,0.0074063,0.0077018,0.0079856,0.0082574,0.008517,0.0087642,0.0089989,0.0092209,0.0094303,0.0096268,0.0098105,0.0099813,0.010139,0.010284,0.010415,0.010534,0.01064,0.010732,0.010811,0.010878,0.010931,0.01097,0.010997,0.01101,0.011011,0.010997,0.010971,0.010931,0.010878,0.010812,0.010732,0.010638,0.010531,0.010411,0.010277,0.010129,0.0099674,0.0097924,0.0096037,0.0094013,0.0091854,0.0089559,0.0087129,0.0084565,0.0081868,0.007904,0.0076082,0.0072996,0.0069786,0.0066454,0.0063004,0.0059439,0.0055764,0.0051985,0.0048108,0.004414,0.0040091,0.0035973,0.0031802,0.0027602,0.0023406,0.0019259,0.0015224,0.0011386,0.00078557,0.00047723,0.0002303,6.4118e-05,0
0,6.4701e-05,0.00023254,0.00048192,0.00079324,0.0011495,0.0015366,0.0019435,0.0023616,0.0027847,0.0032082,0.0036291,0.0040451,0.0044547,0.0048566,0.00525,0.0056342,0.0060086,0.0063726,0.0067258,0.0070679,0.0073984,0.0077171,0.0080236,0.0083177,0.0085993,0.0088681,0.009124,0.0093668,0.0095965,0.0098129,0.010016,0.010206,0.010382,0.010545,0.010694,0.01083,0.010953,0.011062,0.011157,0.011239,0.011308,0.011362,0.011404,0.011431,0.011445,0.011446,0.011433,0.011406,0.011365,0.011311,0.011242,0.01116,0.011064,0.010954,0.01083,0.010692,0.01054,0.010374,0.010194,0.0099991,0.0097904,0.0095674,0.0093303,0.0090791,0.0088138,0.0085346,0.0082417,0.0079351,0.007615,0.0072818,0.0069357,0.0065771,0.0062063,0.0058239,0.0054303,0.0050263,0.0046126,0.0041902,0.0037604,0.003325,0.0028863,0.0024478,0.0020143,0.0015925,0.0011911,0.00082191,0.00049935,0.00024101,6.7108e-05,0
0,6.7633e-05,0.00024304,0.00050364,0.00082889,0.001201,0.0016053,0.0020301,0.0024665,0.002908,0.0033498,0.0037887,0.0042224,0.0046491,0.0050676,0.0054772,0.0058769,0.0062662,0.0066445,0.0070114,0.0073666,0.0077095,0.00804,0.0083577,0.0086624,0.0089539,0.0092321,0.0094968,0.0097479,0.0099852,0.010209,0.010419,0.010614,0.010796,0.010965,0.011119,0.011259,0.011385,0.011498,0.011596,0.01168,0.011751,0.011808,0.01185,0.011879,0.011894,0.011895,0.011881,0.011854,0.011812,0.011757,0.011687,0.011603,0.011504,0.011392,0.011264,0.011122,0.010966,0.010795,0.010609,0.010409,0.010194,0.0099636,0.0097188,0.0094593,0.0091851,0.0088963,0.008593,0.0082754,0.0079436,0.0075979,0.0072385,0.0068659,0.0064804,0.0060825,0.0056728,0.0052519,0.0048206,0.00438,0.0039315,0.0034768,0.0030186,0.0025603,0.0021072,0.0016661,0.0012463,0.00086007,0.00052259,0.00025225,7.025e-05,0
0,7.071e-05,0.00025406,0.00052641,0.00086627,0.001255,0.0016773,0.0021209,0.0025764,0.0030371,0.003498,0.0039557,0.0044076,0.0048522,0.005288,0.0057142,0.00613,0.0065347,0.0069278,0.0073089,0.0076774,0.0080331,0.0083757,0.0087048,0.0090203,0.009322,0.0096097,0.0098833,0.010143,0.010388,0.010619,0.010835,0.011037,0.011225,0.011398,0.011557,0.011701,0.011831,0.011947,0.012049,0.012136,0.012208,0.012267,0.012311,0.012341,0.012356,0.012357,0.012344,0.012316,0.012274,0.012217,0.012146,0.01206,0.011959,0.011843,0.011713,0.011567,0.011406,0.011231,0.011039,0.010833,0.010612,0.010374,0.010122,0.0098542,0.009571,0.0092724,0.0089587,0.0086298,0.0082861,0.0079276,0.0075547,0.0071677,0.006767,0.0063531,0.0059266,0.0054882,0.0050386,0.0045791,0.004111,0.0036362,0.0031575,0.0026786,0.0022048,0.0017435,0.0013044,0.00090021,0.00054704,0.00026408,7.3556e-05,0
0,7.3941e-05,0.00026563,0.00055031,0.0009055,0.0013117,0.0017528,0.002216,0.0026916,0.0031724,0.0036532,0.0041304,0.0046015,0.0050646,0.0055184,0.0059619,0.0063943,0.006815,0.0072233,0.0076188,0.0080011,0.0083699,0.0087248,0.0090655,0.009392,0.009704,0.010001,0.010284,0.010552,0.010805,0.011043,0.011266,0.011474,0.011667,0.011846,0.012009,0.012158,0.012292,0.012411,0.012516,0.012605,0.01268,0.012741,0.012786,0.012817,0.012833,0.012835,0.012821,0.012793,0.01275,0.012692,0.012619,0.012531,0.012428,0.01231,0.012176,0.012027,0.011862,0.011681,0.011485,0.011273,0.011045,0.010801,0.010541,0.010264,0.0099722,0.0096638,0.0093395,0.0089992,0.0086432,0.0082717,0.0078849,0.0074832,0.0070669,0.0066365,0.0061926,0.0057359,0.0052674,0.0047881,0.0042995,0.0038037,0.0033035,0.0028029,0.0023075,0.0018249,0.0013655,0.00094249,0.00057279,0.00027654,7.7038e-05,0
0,7.7338e-05,0.0002778,0.00057545,0.00094674,0.0013713,0.0018321,0.002316,0.0028125,0.0033144,0.003816,0.0043136,0.0048046,0.005287,0.0057594,0.0062209,0.0066705,0.0071075,0.0075315,0.0079419,0.0083384,0.0087205,0.009088,0.0094406,0.0097782,0.010101,0.010408,0.010699,0.010976,0.011236,0.011482,0.011711,0.011926,0.012125,0.012308,0.012477,0.01263,0.012767,0.01289,0.012997,0.01309,0.013167,0.013229,0.013276,0.013308,0.013325,0.013327,0.013313,0.013285,0.013241,0.013182,0.013108,0.013018,0.012913,0.012792,0.012655,0.012502,0.012333,0.012148,0.011946,0.011729,0.011494,0.011243,0.010975,0.010691,0.010389,0.010071,0.0097361,0.0093844,0.009016,0.0086311,0.0082301,0.0078132,0.0073808,0.0069334,0.0064715,0.005996,0.0055077,0.0050077,0.0044978,0.00398,0.0034573,0.0029339,0.0024157,0.0019108,0.0014299,0.00098707,0.00059995,0.00028969,8.0711e-05,0
0,8.0917e-05,0.00029061,0.00060191,0.00099014,0.0014339,0.0019156,0.002421,0.0029396,0.0034634,0.0039868,0.0045058,0.0050175,0.00552,0.0060118,0.0064918,0.0069592,0.0074132,0.0078533,0.008279,0.0086899,0.0090857,0.009466,0.0098307,0.01018,0.010513,0.010829,0.01113,0.011415,0.011684,0.011936,0.012173,0.012393,0.012598,0.012786,0.012959,0.013116,0.013258,0.013384,0.013494,0.013589,0.013668,0.013732,0.013781,0.013814,0.013832,0.013834,0.013821,0.013792,0.013748,0.013688,0.013612,0.013521,0.013413,0.013289,0.013149,0.012993,0.01282,0.012631,0.012424,0.012201,0.01196,0.011702,0.011427,0.011134,0.010824,0.010495,0.01015,0.0097861,0.0094051,0.0090068,0.0085912,0.0081588,0.0077098,0.0072448,0.0067644,0.0062692,0.0057603,0.0052389,0.0047066,0.0041658,0.0036195,0.0030721,0.00253,0.0020014,0.0014979,0.0010342,0.00062864,0.00030357,8.4592e-05,0
0,8.4691e-05,0.00030412,0.0006298,0.0010359,0.0014999,0.0020034,0.0025316,0.0030733,0.0036202,0.0041664,0.0047077,0.0052411,0.0057645,0.0062764,0.0067756,0.0072614,0.0077329,0.0081896,0.008631,0.0090567,0.0094663,0.0098597,0.010237,0.010597,0.010941,0.011267,0.011577,0.011871,0.012147,0.012407,0.01265,0.012876,0.013086,0.01328,0.013458,0.013619,0.013764,0.013893,0.014006,0.014104,0.014185,0.014251,0.014301,0.014335,0.014354,0.014357,0.014344,0.014315,0.01427,0.014209,0.014132,0.014039,0.013929,0.013803,0.013661,0.013501,0.013324,0.01313,0.012919,0.01269,0.012443,0.012179,0.011896,0.011595,0.011275,0.010937,0.010581,0.010205,0.0098117,0.0093996,0.0089692,0.0085209,0.0080549,0.0075718,0.0070721,0.0065566,0.0060263,0.0054825,0.0049269,0.0043618,0.0037907,0.0032181,0.0026507,0.0020973,0.0015699,0.001084,0.00065899,0.00031827,8.8699e-05,0
0,8.8678e-05,0.00031838,0.00065926,0.0010842,0.0015696,0.0020961,0.0026482,0.0032142,0.0037854,0.0043554,0.00492,0.0054759,0.0060211,0.0065539,0.0070731,0.0075779,0.0080674,0.0085412,0.0089986,0.0094394,0.0098633,0.01027,0.010659,0.011031,0.011385,0.011722,0.012041,0.012343,0.012627,0.012894,0.013144,0.013376,0.013592,0.01379,0.013972,0.014137,0.014286,0.014418,0.014534,0.014634,0.014718,0.014785,0.014837,0.014872,0.014892,0.014895,0.014882,0.014853,0.014808,0.014746,0.014668,0.014574,0.014462,0.014334,0.014189,0.014026,0.013846,0.013648,0.013432,0.013197,0.012945,0.012673,0.012383,0.012074,0.011745,0.011398,0.01103,0.010643,0.010237,0.0098106,0.0093652,0.0089006,0.0084173,0.0079155,0.0073959,0.0068593,0.0063068,0.0057395,0.0051594,0.004569,0.0039718,0.0033726,0.0027785,0.0021988,0.0016461,0.0011368,0.00069117,0.00033384,9.3053e-05,0
0,9.2897e-05,0.00033348,0.00069041,0.0011352,0.0016432,0.002194,0.0027714,0.0033629,0.0039595,0.0045546,0.0051435,0.0057231,0.0062909,0.0068454,0.0073853,0.0079097,0.0084178,0.008909,0.0093829,0.0098391,0.010277,0.010697,0.011099,0.011483,0.011848,0.012194,0.012522,0.012832,0.013124,0.013398,0.013654,0.013893,0.014114,0.014317,0.014503,0.014672,0.014825,0.01496,0.015079,0.015181,0.015267,0.015336,0.015389,0.015425,0.015446,0.01545,0.015437,0.015408,0.015362,0.0153,0.015221,0.015125,0.015012,0.014882,0.014734,0.014568,0.014385,0.014183,0.013962,0.013723,0.013465,0.013187,0.01289,0.012572,0.012235,0.011877,0.011499,0.011101,0.010681,0.010241,0.0097804,0.0092993,0.008798,0.0082771,0.007737,0.0071785,0.0066028,0.0060111,0.0054054,0.0047883,0.0041636,0.0035364,0.0029141,0.0023065,0.0017271,0.0011928,0.00072535,0.00035039,9.7678e-05,0
0,9.7369e-05,0.00034948,0.00072343,0.0011893,0.0017212,0.0022976,0.0029016,0.00352,0.0041434,0.0047647,0.0053792,0.0059834,0.0065749,0.0071519,0.0077132,0.0082579,0.0087851,0.0092942,0.0097849,0.010257,0.01071,0.011143,0.011558,0.011953,0.012328,0.012685,0.013022,0.01334,0.01364,0.013921,0.014183,0.014427,0.014653,0.014861,0.015051,0.015224,0.01538,0.015518,0.01564,0.015744,0.015832,0.015903,0.015957,0.015995,0.016016,0.01602,0.016008,0.015979,0.015933,0.015871,0.015791,0.015694,0.015579,0.015447,0.015297,0.015129,0.014942,0.014736,0.014512,0.014268,0.014004,0.01372,0.013416,0.013091,0.012745,0.012378,0.011989,0.011579,0.011146,0.010692,0.010216,0.009718,0.0091986,0.0086579,0.0080967,0.0075156,0.0069157,0.0062985,0.0056659,0.0050209,0.0043672,0.0037104,0.0030582,0.0024211,0.0018131,0.0012525,0.00076171,0.000368,0.0001026,0
0,0.00010212,0.00036647,0.00075847,0.0012467,0.0018039,0.0024075,0.0030395,0.0036864,0.0043379,0.0049869,0.0056281,0.0062581,0.0068741,0.0074746,0.0080581,0.0086236,0.0091704,0.0096979,0.010206,0.010694,0.011161,0.011608,0.012035,0.012442,0.012828,0.013194,0.013541,0.013867,0.014174,0.014461,0.01473,0.014979,0.01521,0.015423,0.015617,0.015794,0.015952,0.016094,0.016218,0.016324,0.016414,0.016487,0.016542,0.016581,0.016603,0.016608,0.016596,0.016567,0.016522,0.016458,0.016378,0.01628,0.016164,0.01603,0.015878,0.015708,0.015518,0.015309,0.015081,0.014832,0.014563,0.014274,0.013963,0.013631,0.013276,0.0129,0.012501,0.012079,0.011633,0.011165,0.010673,0.010158,0.0096203,0.0090595,0.0084765,0.0078719,0.007247,0.0066031,0.0059425,0.0052679,0.0045836,0.0038955,0.0032116,0.0025432,0.0019049,0.0013161,0.0008005,0.00038678,0.00010785,0
0,0.00010718,0.00038456,0.00079576,0.0013077,0.0018918,0.0025241,0.003186,0.0038628,0.004544,0.005222,0.0058913,0.0065482,0.0071899,0.0078147,0.0084211,0.0090081,0.0095751,0.010121,0.010647,0.011151,0.011633,0.012094,0.012533,0.012952,0.013348,0.013724,0.014079,0.014413,0.014727,0.015021,0.015295,0.01555,0.015786,0.016003,0.016201,0.016381,0.016542,0.016686,0.016813,0.016921,0.017013,0.017087,0.017144,0.017184,0.017207,0.017213,0.017201,0.017173,0.017127,0.017063,0.016983,0.016884,0.016767,0.016632,0.016478,0.016305,0.016113,0.015901,0.015669,0.015417,0.015143,0.014848,0.014532,0.014192,0.01383,0.013444,0.013035,0.012602,0.012144,0.011661,0.011154,0.010622,0.010065,0.0094835,0.008878,0.0082493,0.0075983,0.0069266,0.0062364,0.0055309,0.0048143,0.0040929,0.0033754,0.0026735,0.002003,0.0013841,0.00084197,0.00040687,0.00011346,0
0,0.00011258,0.00040385,0.00083553,0.0013728,0.0019854,0.0026483,0.0033417,0.0040503,0.0047629,0.0054714,0.0061701,0.0068551,0.0075236,0.0081736,0.0088037,0.0094129,0.01,0.010566,0.011109,0.011629,0.012126,0.012601,0.013053,0.013482,0.01389,0.014275,0.014638,0.01498,0.015301,0.015601,0.01588,0.01614,0.01638,0.016601,0.016803,0.016986,0.01715,0.017297,0.017425,0.017536,0.017629,0.017705,0.017763,0.017804,0.017828,0.017834,0.017823,0.017795,0.017749,0.017686,0.017605,0.017506,0.017388,0.017252,0.017097,0.016922,0.016728,0.016514,0.016279,0.016023,0.015745,0.015445,0.015123,0.014777,0.014407,0.014013,0.013594,0.013149,0.012679,0.012182,0.011659,0.01111,0.010534,0.0099316,0.0093032,0.0086495,0.0079715,0.0072707,0.0065496,0.0058113,0.0050606,0.004304,0.0035506,0.0028131,0.0021081,0.001457,0.00088643,0.0004284,0.00011948,0
0,0.00011835,0.00042448,0.00087804,0.0014423,0.0020854,0.0027808,0.0035077,0.0042499,0.0049956,0.0057363,0.006466,0.0071804,0.0078767,0.0085528,0.0092074,0.0098393,0.010448,0.011033,0.011594,0.01213,0.012643,0.013131,0.013595,0.014036,0.014453,0.014847,0.015218,0.015567,0.015895,0.016201,0.016486,0.01675,0.016994,0.017218,0.017423,0.017609,0.017776,0.017925,0.018056,0.018168,0.018263,0.01834,0.018399,0.018441,0.018466,0.018473,0.018463,0.018435,0.01839,0.018327,0.018245,0.018146,0.018028,0.017891,0.017735,0.017559,0.017363,0.017147,0.016909,0.01665,0.016369,0.016065,0.015737,0.015385,0.015008,0.014606,0.014177,0.013722,0.01324,0.01273,0.012192,0.011625,0.01103,0.010406,0.009754,0.0090746,0.0083685,0.0076375,0.006884,0.0061112,0.0053243,0.0045301,0.0037386,0.002963,0.0022209,0.0015353,0.00093423,0.00045155,0.00012595,0
0,0.00012455,0.00044661,0.00092361,0.0015167,0.0021924,0.0029225,0.003685,0.004463,0.0052437,0.0060183,0.0067804,0.0075257,0.008251,0.0089542,0.009634,0.010289,0.010919,0.011524,0.012103,0.012656,0.013183,0.013684,0.014161,0.014612,0.015039,0.015442,0.015821,0.016177,0.01651,0.016822,0.017111,0.01738,0.017628,0.017855,0.018063,0.018252,0.018421,0.018572,0.018704,0.018818,0.018914,0.018992,0.019053,0.019096,0.019122,0.01913,0.01912,0.019093,0.019048,0.018985,0.018904,0.018805,0.018687,0.018549,0.018393,0.018216,0.018019,0.017801,0.017562,0.0173,0.017016,0.016708,0.016375,0.016018,0.015635,0.015225,0.014788,0.014323,0.013829,0.013306,0.012752,0.012168,0.011554,0.010909,0.010233,0.0095269,0.0087918,0.0080293,0.0072417,0.0064326,0.0056073,0.0047733,0.0039409,0.0031244,0.0023426,0.0016197,0.00098578,0.00047652,0.00013293,0
0,0.00013122,0.00047042,0.0009726,0.0015967,0.0023072,0.0030745,0.003875,0.0046909,0.0055088,0.0063192,0.0071154,0.0078928,0.0086483,0.0093796,0.010085,0.010764,0.011416,0.012041,0.012638,0.013207,0.013749,0.014263,0.014751,0.015213,0.015649,0.01606,0.016447,0.016809,0.017148,0.017464,0.017758,0.01803,0.018281,0.018512,0.018722,0.018913,0.019084,0.019237,0.01937,0.019486,0.019583,0.019663,0.019724,0.019768,0.019795,0.019804,0.019795,0.019768,0.019724,0.019662,0.019581,0.019482,0.019364,0.019227,0.01907,0.018894,0.018696,0.018477,0.018236,0.017973,0.017686,0.017375,0.017039,0.016677,0.016288,0.015872,0.015427,0.014952,0.014447,0.013911,0.013343,0.012743,0.012109,0.011442,0.010742,0.010009,0.009244,0.0084487,0.0076254,0.006778,0.005912,0.0050353,0.0041592,0.0032988,0.0024741,0.0017111,0.0010416,0.00050355,0.00014048,0
0,0.00013842,0.00049611,0.0010254,0.001683,0.0024309,0.0032379,0.0040791,0.0049353,0.0057926,0.0066408,0.0074729,0.008284,0.0090708,0.0098311,0.010563,0.011267,0.011941,0.012585,0.0132,0.013785,0.014342,0.014869,0.015368,0.01584,0.016285,0.016703,0.017096,0.017464,0.017808,0.018129,0.018426,0.018702,0.018956,0.019189,0.019401,0.019594,0.019766,0.01992,0.020055,0.020172,0.02027,0.020351,0.020413,0.020458,0.020485,0.020495,0.020487,0.020462,0.020418,0.020357,0.020277,0.020178,0.020061,0.019925,0.019768,0.019592,0.019394,0.019175,0.018933,0.018669,0.01838,0.018067,0.017728,0.017362,0.016969,0.016547,0.016095,0.015612,0.015097,0.014549,0.013967,0.01335,0.012697,0.012009,0.011284,0.010524,0.0097281,0.0088986,0.008038,0.0071501,0.0062409,0.0053188,0.0043957,0.0034879,0.0026169,0.0018104,0.0011022,0.00053293,0.00014868,0
0,0.00014622,0.00052394,0.0010826,0.0017762,0.0025645,0.0034142,0.0042989,0.0051982,0.0060974,0.0069855,0.0078553,0.0087016,0.009521,0.010311,0.011071,0.011799,0.012495,0.01316,0.013792,0.014393,0.014963,0.015503,0.016013,0.016494,0.016947,0.017372,0.017771,0.018144,0.018492,0.018816,0.019117,0.019395,0.019651,0.019886,0.0201,0.020294,0.020468,0.020623,0.020759,0.020876,0.020975,0.021056,0.02112,0.021166,0.021194,0.021204,0.021197,0.021173,0.02113,0.02107,0.020991,0.020894,0.020778,0.020642,0.020486,0.020311,0.020113,0.019895,0.019653,0.019388,0.019099,0.018785,0.018444,0.018076,0.017679,0.017252,0.016794,0.016304,0.015779,0.01522,0.014625,0.013993,0.013322,0.012612,0.011863,0.011075,0.010247,0.0093827,0.008483,0.0075524,0.0065972,0.0056264,0.0046528,0.0036938,0.0027726,0.0019186,0.0011684,0.00056498,0.00015763,0
0,0.00015471,0.0005542,0.0011448,0.0018774,0.0027093,0.0036051,0.0045364,0.0054819,0.0064255,0.0073559,0.0082654,0.0091484,0.010001,0.010822,0.01161,0.012363,0.013082,0.013766,0.014416,0.015032,0.015615,0.016166,0.016686,0.017176,0.017636,0.018067,0.018471,0.018849,0.0192,0.019527,0.01983,0.02011,0.020368,0.020604,0.020819,0.021014,0.021188,0.021344,0.02148,0.021598,0.021698,0.02178,0.021844,0.021891,0.021919,0.021931,0.021925,0.021901,0.02186,0.021801,0.021724,0.021628,0.021513,0.021379,0.021225,0.021051,0.020855,0.020637,0.020397,0.020133,0.019844,0.019529,0.019188,0.018818,0.018418,0.017988,0.017525,0.017029,0.016497,0.015928,0.015321,0.014674,0.013986,0.013255,0.012482,0.011665,0.010806,0.0099047,0.0089643,0.0079888,0.0069847,0.0059617,0.0049336,0.0039191,0.002943,0.0020373,0.0012409,0.00060015,0.00016744,0
0,0.00016399,0.00058726,0.0012126,0.0019877,0.002867,0.0038125,0.0047941,0.0057889,0.0067799,0.007755,0.0087061,0.0096274,0.010515,0.011368,0.012183,0.012962,0.013702,0.014406,0.015073,0.015704,0.0163,0.016861,0.01739,0.017887,0.018353,0.01879,0.019198,0.019579,0.019933,0.020262,0.020567,0.020848,0.021106,0.021343,0.021558,0.021753,0.021928,0.022084,0.022221,0.022339,0.022439,0.022521,0.022586,0.022633,0.022663,0.022675,0.02267,0.022648,0.022608,0.022551,0.022475,0.022381,0.022268,0.022136,0.021984,0.021812,0.021618,0.021403,0.021164,0.020902,0.020614,0.0203,0.019959,0.019589,0.019189,0.018757,0.018291,0.01779,0.017252,0.016674,0.016056,0.015396,0.014692,0.013941,0.013144,0.0123,0.011408,0.010469,0.0094865,0.0084637,0.0074077,0.0063288,0.0052417,0.0041667,0.0031307,0.0021681,0.001321,0.00063893,0.00017825,0
0,0.00017419,0.00062356,0.001287,0.0021085,0.0030393,0.0040387,0.0050746,0.0061223,0.0071638,0.0081862,0.0091809,0.010142,0.011066,0.011951,0.012795,0.013598,0.014361,0.015083,0.015766,0.01641,0.017018,0.017589,0.018126,0.018629,0.019101,0.019541,0.019952,0.020335,0.020691,0.021021,0.021327,0.021608,0.021867,0.022103,0.022318,0.022513,0.022688,0.022843,0.02298,0.023098,0.023198,0.02328,0.023345,0.023393,0.023423,0.023437,0.023433,0.023412,0.023374,0.023318,0.023245,0.023153,0.023042,0.022913,0.022764,0.022594,0.022403,0.022191,0.021955,0.021695,0.02141,0.021099,0.02076,0.020391,0.019991,0.019559,0.019092,0.018588,0.018045,0.017461,0.016835,0.016163,0.015443,0.014674,0.013855,0.012983,0.012058,0.011082,0.010055,0.0089826,0.0078714,0.0067324,0.0055814,0.0044404,0.0033386,0.0023132,0.0014098,0.00068198,0.00019025,0
0,0.00018546,0.00066362,0.001369,0.0022415,0.0032286,0.0042867,0.0053812,0.0064858,0.0075811,0.0086536,0.0096941,0.010697,0.011657,0.012575,0.013447,0.014275,0.015059,0.015799,0.016497,0.017154,0.017772,0.018352,0.018895,0.019403,0.019878,0.020322,0.020735,0.021119,0.021475,0.021805,0.02211,0.022391,0.022649,0.022884,0.023099,0.023292,0.023466,0.023621,0.023757,0.023874,0.023974,0.024057,0.024122,0.02417,0.024201,0.024215,0.024213,0.024194,0.024157,0.024104,0.024032,0.023943,0.023836,0.023709,0.023564,0.023398,0.023211,0.023002,0.02277,0.022514,0.022233,0.021926,0.02159,0.021224,0.020827,0.020396,0.019929,0.019424,0.018879,0.018291,0.017658,0.016976,0.016244,0.015459,0.014618,0.013719,0.012763,0.011748,0.010676,0.0095518,0.0083821,0.0071786,0.0059582,0.0047449,0.0035704,0.0024752,0.0015091,0.00073013,0.00020366,0
0,0.00019799,0.00070813,0.00146,0.0023887,0.0034376,0.0045598,0.0057179,0.0068836,0.0080364,0.0091617,0.01025,0.011295,0.012294,0.013244,0.014145,0.014997,0.015801,0.016558,0.01727,0.017938,0.018564,0.01915,0.019699,0.020211,0.020688,0.021133,0.021546,0.02193,0.022286,0.022615,0.022918,0.023197,0.023453,0.023687,0.0239,0.024092,0.024264,0.024417,0.024552,0.024669,0.024768,0.02485,0.024915,0.024963,0.024995,0.025011,0.02501,0.024992,0.024958,0.024906,0.024838,0.024752,0.024648,0.024525,0.024384,0.024222,0.02404,0.023836,0.023609,0.023358,0.023083,0.02278,0.022449,0.022088,0.021695,0.021268,0.020804,0.020301,0.019756,0.019167,0.018529,0.017841,0.017098,0.016299,0.015438,0.014515,0.013528,0.012474,0.011357,0.010179,0.0089474,0.0076746,0.0063788,0.0050859,0.0038307,0.0026577,0.0016211,0.00078446,0.00021879,0
0,0.00021202,0.0007579,0.0015615,0.0025526,0.0036697,0.0048621,0.0060893,0.007321,0.0085349,0.0097161,0.010854,0.011943,0.01298,0.013963,0.014891,0.015766,0.016589,0.017361,0.018085,0.018763,0.019396,0.019987,0.020538,0.021052,0.02153,0.021974,0.022387,0.022769,0.023122,0.023449,0.02375,0.024026,0.024279,0.024511,0.024721,0.02491,0.02508,0.025232,0.025365,0.02548,0.025579,0.02566,0.025725,0.025773,0.025806,0.025822,0.025822,0.025807,0.025774,0.025726,0.025661,0.025578,0.025478,0.02536,0.025223,0.025067,0.02489,0.024692,0.024472,0.024227,0.023958,0.023663,0.023339,0.022984,0.022598,0.022176,0.021718,0.021219,0.020677,0.020089,0.019451,0.018759,0.01801,0.017199,0.016322,0.015377,0.01436,0.01327,0.012106,0.010873,0.0095762,0.0082293,0.0068515,0.0054709,0.0041257,0.002865,0.0017486,0.00084639,0.00023602,0
0,0.00022788,0.00081401,0.0016757,0.0027363,0.0039291,0.0051986,0.0065011,0.0078038,0.009083,0.010323,0.011513,0.012647,0.013722,0.014736,0.015691,0.016588,0.017428,0.018213,0.018947,0.019631,0.020269,0.020863,0.021415,0.021929,0.022405,0.022847,0.023257,0.023636,0.023985,0.024308,0.024605,0.024878,0.025127,0.025355,0.025561,0.025748,0.025915,0.026064,0.026195,0.026309,0.026406,0.026486,0.02655,0.026599,0.026632,0.026649,0.026651,0.026637,0.026607,0.026562,0.0265,0.026421,0.026326,0.026213,0.026081,0.025931,0.025761,0.02557,0.025357,0.025121,0.02486,0.024573,0.024257,0.023912,0.023534,0.023121,0.022671,0.02218,0.021644,0.021061,0.020426,0.019734,0.018982,0.018163,0.017275,0.016311,0.015267,0.014142,0.012933,0.011643,0.010279,0.0088534,0.0073864,0.0059089,0.0044629,0.0031029,0.0018953,0.00091779,0.0002559,0
0,0.00024595,0.00087782,0.0018051,0.0029439,0.0042209,0.0055755,0.0069602,0.0083393,0.0096879,0.010989,0.012232,0.013411,0.014524,0.015569,0.016549,0.017465,0.01832,0.019116,0.019857,0.020546,0.021186,0.021779,0.02233,0.022841,0.023314,0.023752,0.024156,0.02453,0.024875,0.025192,0.025484,0.025751,0.025996,0.026219,0.026421,0.026603,0.026767,0.026913,0.027041,0.027152,0.027247,0.027327,0.02739,0.027439,0.027472,0.02749,0.027493,0.027481,0.027454,0.027412,0.027354,0.02728,0.02719,0.027082,0.026957,0.026814,0.026651,0.026468,0.026264,0.026037,0.025786,0.025509,0.025205,0.02487,0.024504,0.024102,0.023663,0.023182,0.022657,0.022083,0.021455,0.020768,0.020017,0.019197,0.018301,0.017323,0.016257,0.0151,0.013848,0.012503,0.011069,0.0095596,0.007996,0.0064114,0.0048522,0.0033789,0.0020663,0.0010012,0.00027917,0
0,0.00026678,0.0009511,0.0019532,0.0031803,0.0045515,0.0060002,0.0074744,0.0089359,0.010358,0.011723,0.01302,0.014244,0.015393,0.016467,0.017469,0.018402,0.019268,0.020072,0.020816,0.021507,0.022145,0.022736,0.023283,0.023788,0.024255,0.024686,0.025084,0.025451,0.025788,0.026099,0.026384,0.026645,0.026883,0.0271,0.027297,0.027475,0.027634,0.027776,0.027901,0.028009,0.028102,0.02818,0.028243,0.028291,0.028324,0.028343,0.028348,0.028338,0.028314,0.028275,0.028221,0.028152,0.028067,0.027966,0.027848,0.027713,0.027559,0.027385,0.027191,0.026975,0.026735,0.02647,0.026178,0.025857,0.025505,0.025117,0.024693,0.024227,0.023715,0.023154,0.022538,0.021862,0.021119,0.020302,0.019405,0.018419,0.017337,0.016154,0.014863,0.013463,0.01196,0.010363,0.0086955,0.0069927,0.0053058,0.0037027,0.002268,0.0011,0.00030682,0
0,0.00029107,0.0010361,0.0021241,0.0034516,0.0049286,0.0064815,0.0080535,0.0096031,0.011102,0.012532,0.013883,0.015151,0.016334,0.017435,0.018456,0.019401,0.020274,0.021081,0.021826,0.022514,0.023148,0.023733,0.024272,0.024769,0.025227,0.025649,0.026038,0.026395,0.026724,0.027026,0.027302,0.027555,0.027786,0.027996,0.028187,0.028359,0.028513,0.02865,0.028771,0.028877,0.028967,0.029043,0.029104,0.029151,0.029185,0.029205,0.029211,0.029203,0.029182,0.029147,0.029098,0.029034,0.028955,0.028861,0.028751,0.028624,0.028479,0.028316,0.028133,0.027929,0.027702,0.027451,0.027175,0.026869,0.026533,0.026163,0.025756,0.025309,0.024816,0.024273,0.023675,0.023015,0.022286,0.02148,0.020589,0.019604,0.018514,0.017311,0.015987,0.014538,0.012966,0.01128,0.009502,0.0076697,0.0058391,0.0040867,0.0025089,0.0012188,0.00034023,0
0,0.00031976,0.001136,0.0023234,0.0037656,0.0053618,0.0070301,0.0087081,0.010351,0.01193,0.013426,0.014831,0.016139,0.017353,0.018475,0.01951,0.020462,0.021338,0.022144,0.022885,0.023565,0.02419,0.024765,0.025293,0.025779,0.026225,0.026635,0.027012,0.027358,0.027676,0.027967,0.028234,0.028477,0.028699,0.028901,0.029084,0.029249,0.029397,0.029529,0.029646,0.029747,0.029835,0.029908,0.029968,0.030014,0.030047,0.030068,0.030076,0.030071,0.030052,0.030021,0.029977,0.029918,0.029846,0.02976,0.029658,0.02954,0.029406,0.029254,0.029083,0.028893,0.028681,0.028446,0.028186,0.027899,0.027582,0.027233,0.026847,0.026422,0.025952,0.025433,0.024858,0.024221,0.023514,0.022728,0.021852,0.020876,0.019788,0.018576,0.017228,0.015738,0.014102,0.012327,0.010434,0.0084617,0.0064701,0.0045459,0.0027998,0.0013635,0.00038127,0
0,0.00035413,0.0012544,0.002558,0.0041319,0.0058623,0.0076578,0.0094502,0.011192,0.012852,0.014413,0.015867,0.017212,0.01845,0.019588,0.02063,0.021584,0.022456,0.023254,0.023985,0.024653,0.025264,0.025825,0.026338,0.026808,0.027239,0.027635,0.027997,0.028329,0.028634,0.028912,0.029167,0.0294,0.029611,0.029804,0.029978,0.030136,0.030277,0.030403,0.030514,0.030611,0.030694,0.030765,0.030823,0.030868,0.030901,0.030922,0.030931,0.030928,0.030913,0.030886,0.030847,0.030795,0.030729,0.030651,0.030558,0.03045,0.030327,0.030188,0.030031,0.029855,0.029659,0.029442,0.029201,0.028934,0.028639,0.028313,0.027952,0.027553,0.027111,0.026621,0.026076,0.025469,0.024792,0.024035,0.023185,0.022231,0.021157,0.019948,0.01859,0.017069,0.015379,0.01352,0.011511,0.0093891,0.0072194,0.0050984,0.0031542,0.0015417,0.00043241,0
0,0.00039588,0.0013967,0.0028364,0.0045618,0.0064429,0.0083777,0.010292,0.012134,0.013874,0.015496,0.016994,0.018368,0.019623,0.020767,0.021808,0.022755,0.023616,0.0244,0.025113,0.025763,0.026355,0.026896,0.02739,0.027841,0.028253,0.02863,0.028975,0.029291,0.02958,0.029844,0.030085,0.030305,0.030505,0.030687,0.030851,0.031,0.031133,0.031252,0.031357,0.031449,0.031528,0.031595,0.031651,0.031695,0.031727,0.031749,0.031759,0.031758,0.031746,0.031723,0.031689,0.031643,0.031585,0.031514,0.031431,0.031334,0.031223,0.031097,0.030954,0.030795,0.030616,0.030418,0.030198,0.029953,0.029683,0.029383,0.029051,0.028682,0.028272,0.027816,0.027307,0.026738,0.026099,0.025381,0.024569,0.023649,0.022604,0.021415,0.020063,0.018529,0.016798,0.014867,0.012746,0.010471,0.0081078,0.0057642,0.0035879,0.001763,0.00049689,0
0,0.00044729,0.0015691,0.0031692,0.0050683,0.0071173,0.0092021,0.011242,0.013184,0.015,0.016674,0.018205,0.019596,0.020857,0.021996,0.023025,0.023955,0.024796,0.025556,0.026245,0.026869,0.027436,0.027951,0.02842,0.028848,0.029237,0.029593,0.029918,0.030214,0.030485,0.030732,0.030957,0.031162,0.031349,0.031519,0.031672,0.031811,0.031935,0.032046,0.032144,0.03223,0.032305,0.032368,0.032421,0.032463,0.032494,0.032516,0.032527,0.032529,0.03252,0.032501,0.032472,0.032432,0.032381,0.03232,0.032246,0.03216,0.032061,0.031949,0.031822,0.031679,0.031519,0.031341,0.031143,0.030924,0.030679,0.030408,0.030107,0.029772,0.029399,0.028982,0.028515,0.027991,0.027399,0.026729,0.025967,0.025096,0.024097,0.022947,0.021622,0.020097,0.018348,0.016363,0.014144,0.011718,0.009153,0.0065632,0.0041184,0.0020387,0.0005788,0
0,0.00051145,0.0017799,0.0035688,0.0056656,0.0078985,0.01014,0.012305,0.01434,0.016219,0.017931,0.01948,0.020873,0.022123,0.023242,0.024246,0.025146,0.025954,0.026681,0.027336,0.027927,0.028461,0.028945,0.029384,0.029783,0.030146,0.030476,0.030776,0.03105,0.0313,0.031528,0.031736,0.031925,0.032096,0.032252,0.032393,0.032521,0.032635,0.032737,0.032828,0.032907,0.032976,0.033035,0.033084,0.033124,0.033154,0.033176,0.033188,0.033191,0.033185,0.03317,0.033146,0.033112,0.033069,0.033016,0.032952,0.032878,0.032792,0.032694,0.032582,0.032457,0.032317,0.03216,0.031986,0.031791,0.031575,0.031335,0.031068,0.03077,0.030436,0.030063,0.029644,0.02917,0.028634,0.028023,0.027322,0.026515,0.025579,0.02449,0.023216,0.021727,0.019991,0.017982,0.015689,0.01313,0.010364,0.0075114,0.0047632,0.0023817,0.00068327,0
0,0.00059254,0.0020395,0.0040493,0.0063672,0.0087953,0.011194,0.013473,0.015584,0.017505,0.019233,0.020776,0.022148,0.023366,0.024447,0.025408,0.026263,0.027026,0.027707,0.028318,0.028867,0.029361,0.029806,0.030209,0.030574,0.030905,0.031206,0.031479,0.031728,0.031954,0.03216,0.032348,0.032518,0.032673,0.032814,0.032941,0.033056,0.03316,0.033252,0.033334,0.033406,0.033469,0.033522,0.033568,0.033604,0.033633,0.033653,0.033666,0.033671,0.033667,0.033656,0.033637,0.033609,0.033573,0.033529,0.033475,0.033412,0.033339,0.033255,0.033159,0.033052,0.032932,0.032797,0.032646,0.032479,0.032292,0.032084,0.031852,0.031593,0.031302,0.030976,0.030608,0.030191,0.029717,0.029173,0.028545,0.027815,0.026961,0.025954,0.02476,0.023341,0.021654,0.019661,0.017336,0.014677,0.011731,0.0086153,0.005537,0.0028059,0.00081664,0
0,0.00069647,0.0023607,0.0046253,0.0071831,0.0098071,0.012348,0.014717,0.016872,0.018801,0.02051,0.022015,0.023337,0.024497,0.025516,0.026414,0.027206,0.027908,0.028531,0.029086,0.029583,0.030028,0.030428,0.030789,0.031115,0.031409,0.031676,0.031919,0.032139,0.032339,0.032521,0.032687,0.032837,0.032974,0.033098,0.03321,0.033311,0.033402,0.033483,0.033556,0.03362,0.033675,0.033723,0.033764,0.033797,0.033823,0.033842,0.033855,0.03386,0.033859,0.033851,0.033837,0.033815,0.033786,0.03375,0.033705,0.033653,0.033593,0.033523,0.033444,0.033354,0.033253,0.033141,0.033014,0.032874,0.032716,0.032541,0.032345,0.032126,0.03188,0.031602,0.031289,0.030933,0.030525,0.030055,0.029509,0.028869,0.028113,0.02721,0.026123,0.024809,0.023217,0.021295,0.018995,0.016295,0.013217,0.0098626,0.0064468,0.0033247,0.0009868,0
0,0.00083182,0.0027594,0.0053103,0.0081133,0.010914,0.01356,0.015971,0.018119,0.020006,0.021649,0.023074,0.024308,0.025377,0.026307,0.027118,0.027828,0.028452,0.029003,0.029491,0.029926,0.030314,0.030662,0.030974,0.031256,0.03151,0.031739,0.031947,0.032136,0.032307,0.032463,0.032605,0.032733,0.03285,0.032956,0.033051,0.033138,0.033215,0.033285,0.033347,0.033402,0.03345,0.033491,0.033526,0.033555,0.033579,0.033596,0.033608,0.033614,0.033614,0.033609,0.033598,0.033582,0.033559,0.033531,0.033496,0.033454,0.033405,0.033349,0.033286,0.033213,0.033132,0.03304,0.032938,0.032823,0.032696,0.032553,0.032393,0.032214,0.032012,0.031784,0.031526,0.031232,0.030894,0.030502,0.030044,0.029503,0.028857,0.028077,0.027125,0.025954,0.024506,0.022716,0.020519,0.017863,0.014737,0.01121,0.0074843,0.0039495,0.0012039,0
0,0.0010118,0.0032546,0.0061107,0.0091369,0.012061,0.014739,0.017115,0.01918,0.020955,0.02247,0.023762,0.024865,0.025808,0.026618,0.027318,0.027926,0.028456,0.028922,0.029332,0.029696,0.03002,0.030309,0.030567,0.0308,0.03101,0.031199,0.03137,0.031525,0.031665,0.031793,0.031909,0.032014,0.032109,0.032196,0.032274,0.032345,0.032408,0.032465,0.032516,0.032561,0.032601,0.032635,0.032664,0.032689,0.032708,0.032723,0.032734,0.03274,0.032741,0.032738,0.032731,0.032719,0.032702,0.03268,0.032654,0.032622,0.032585,0.032542,0.032492,0.032436,0.032373,0.032302,0.032222,0.032133,0.032033,0.031922,0.031797,0.031656,0.031498,0.031319,0.031115,0.030882,0.030614,0.030302,0.029934,0.029497,0.028971,0.028327,0.027531,0.026536,0.02528,0.023692,0.021688,0.01919,0.016142,0.012564,0.0086135,0.0046846,0.0014814,0
0,0.0012573,0.003866,0.0070132,0.010189,0.013127,0.015718,0.017943,0.019822,0.021397,0.022714,0.023815,0.02474,0.02552,0.026183,0.02675,0.027238,0.027661,0.02803,0.028354,0.02864,0.028894,0.029119,0.029321,0.029502,0.029665,0.029811,0.029944,0.030064,0.030172,0.030271,0.03036,0.030441,0.030515,0.030582,0.030642,0.030696,0.030746,0.03079,0.030829,0.030864,0.030895,0.030921,0.030944,0.030963,0.030979,0.030991,0.031,0.031005,0.031007,0.031005,0.031001,0.030992,0.030981,0.030965,0.030946,0.030923,0.030896,0.030864,0.030828,0.030787,0.030741,0.030689,0.03063,0.030564,0.030491,0.030408,0.030316,0.030212,0.030094,0.029961,0.029809,0.029635,0.029434,0.029199,0.028921,0.028588,0.028183,0.027684,0.027058,0.026263,0.025241,0.02392,0.022206,0.019998,0.017198,0.013756,0.0097482,0.0055177,0.0018367,0
0,0.0016001,0.0046008,0.0079501,0.011113,0.013879,0.016208,0.018129,0.019699,0.020979,0.022024,0.022881,0.023588,0.024176,0.02467,0.025088,0.025445,0.025753,0.02602,0.026253,0.026459,0.02664,0.026802,0.026946,0.027074,0.02719,0.027294,0.027388,0.027473,0.02755,0.02762,0.027683,0.027741,0.027793,0.02784,0.027883,0.027921,0.027956,0.027987,0.028015,0.02804,0.028062,0.028081,0.028097,0.028111,0.028122,0.028131,0.028138,0.028142,0.028144,0.028143,0.02814,0.028135,0.028127,0.028117,0.028105,0.028089,0.028071,0.02805,0.028025,0.027998,0.027966,0.027931,0.027891,0.027846,0.027796,0.027739,0.027676,0.027605,0.027524,0.027433,0.027329,0.027209,0.027069,0.026906,0.026712,0.026478,0.026191,0.025835,0.025383,0.024801,0.02404,0.023035,0.021697,0.019914,0.017557,0.014502,0.010711,0.0063928,0.0022884,0
0,0.0020763,0.0054009,0.0087127,0.011568,0.013891,0.015735,0.017186,0.018328,0.019231,0.019948,0.020524,0.020991,0.021374,0.021692,0.021959,0.022185,0.022379,0.022547,0.022693,0.022821,0.022934,0.023035,0.023124,0.023204,0.023276,0.02334,0.023399,0.023451,0.023499,0.023542,0.023581,0.023617,0.023649,0.023678,0.023705,0.023729,0.02375,0.02377,0.023787,0.023802,0.023816,0.023828,0.023838,0.023847,0.023854,0.02386,0.023864,0.023866,0.023868,0.023868,0.023866,0.023863,0.023859,0.023853,0.023845,0.023836,0.023825,0.023813,0.023798,0.023781,0.023763,0.023741,0.023717,0.02369,0.02366,0.023626,0.023588,0.023545,0.023496,0.023441,0.023377,0.023304,0.023219,0.023118,0.022999,0.022854,0.022675,0.02245,0.022163,0.021789,0.021293,0.020625,0.019715,0.018462,0.01673,0.01435,0.011158,0.0071434,0.0028338,0
0,0.0026585,0.0059647,0.0087447,0.010858,0.012421,0.013575,0.014433,0.015079,0.015572,0.015952,0.016251,0.016489,0.016681,0.016839,0.016971,0.017082,0.017177,0.017259,0.01733,0.017392,0.017447,0.017496,0.01754,0.017579,0.017613,0.017645,0.017673,0.017699,0.017722,0.017743,0.017762,0.017779,0.017795,0.017809,0.017822,0.017834,0.017844,0.017854,0.017862,0.01787,0.017876,0.017882,0.017887,0.017892,0.017895,0.017898,0.0179,0.017901,0.017902,0.017902,0.017901,0.0179,0.017898,0.017895,0.017892,0.017887,0.017882,0.017876,0.017869,0.017861,0.017852,0.017842,0.01783,0.017817,0.017803,0.017786,0.017768,0.017747,0.017723,0.017696,0.017666,0.01763,0.017588,0.017539,0.01748,0.017408,0.017318,0.017205,0.01706,0.016868,0.016611,0.01626,0.01577,0.015077,0.014075,0.012604,0.010434,0.0073252,0.0033531,0
0,0.0028739,0.0052095,0.0067241,0.0076841,0.0083056,0.0087208,0.009007,0.0092102,0.0093584,0.009469,0.0095536,0.0096197,0.0096725,0.0097156,0.0097512,0.0097813,0.009807,0.0098291,0.0098484,0.0098654,0.0098804,0.0098937,0.0099056,0.0099163,0.0099258,0.0099345,0.0099423,0.0099493,0.0099557,0.0099615,0.0099667,0.0099715,0.0099759,0.0099798,0.0099834,0.0099866,0.0099895,0.0099921,0.0099945,0.0099965,0.0099984,0.01,0.010001,0.010003,0.010004,0.010004,0.010005,0.010005,0.010005,0.010005,0.010005,0.010005,0.010004,0.010004,0.010003,0.010001,0.0099999,0.0099982,0.0099962,0.009994,0.0099914,0.0099885,0.0099853,0.0099817,0.0099776,0.0099729,0.0099677,0.0099618,0.0099551,0.0099474,0.0099386,0.0099284,0.0099163,0.009902,0.0098848,0.0098636,0.0098372,0.0098035,0.0097598,0.0097018,0.0096231,0.0095144,0.0093603,0.0091359,0.0087969,0.0082606,0.0073663,0.0058203,0.0032433,0
0,0,0,0,0,0,0,0,0,0,0,0,0,0,0,0,0,0,0,0,0,0,0,0,0,0,0,0,0,0,0,0,0,0,0,0,0,0,0,0,0,0,0,0,0,0,0,0,0,0,0,0,0,0,0,0,0,0,0,0,0,0,0,0,0,0,0,0,0,0,0,0,0,0,0,0,0,0,0,0,0,0,0,0,0,0,0,0,0,0,0
