0,0,0,0,0,0,0,0,0,0,0,0,0,0,0,0,0,0,0,0,0,0,0,0,0,0,0,0,0,0,0,0,0,0,0,0,0,0,0,0,0,0,0,0,0,0,0,0,0,0,0,0,0,0,0,0,0,0,0,0,0,0,0,0,0,0,0,0,0,0,0,0,0,0,0,0,0,0,0,0,0,0,0,0,0,0,0,0,0,0,0
0,0.70912,-0.78906,-0.90195,-0.94864,-0.97075,-0.98219,-0.98855,-0.9923,-0.99461,-0.99611,-0.99711,-0.99779,-0.99828,-0.99863,-0.99889,-0.99909,-0.99925,-0.99937,-0.99947,-0.99955,-0.99962,-0.99967,-0.99972,-0.99976,-0.99979,-0.99982,-0.99985,-0.99987,-0.99989,-0.99991,-0.99992,-0.99993,-0.99994,-0.99995,-0.99996,-0.99997,-0.99998,-0.99998,-0.99999,-0.99999,-0.99999,-1,-1,-1,-1,-1,-1,-1,-1,-0.99999,-0.99999,-0.99999,-0.99998,-0.99997,-0.99997,-0.99996,-0.99995,-0.99994,-0.99993,-0.99991,-0.9999,-0.99988,-0.99986,-0.99983,-0.9998,-0.99977,-0.99973,-0.99968,-0.99963,-0.99956,-0.99948,-0.99938,-0.99926,-0.9991,-0.9989,-0.99864,-0.99828,-0.99779,-0.99711,-0.99611,-0.99462,-0.9923,-0.98858,-0.98226,-0.97093,-0.94908,-0.90314,-0.79389,0.71012,0
0,-0.61287,-0.70691,-0.80653,-0.87465,-0.91801,-0.94521,-0.96244,-0.97355,-0.9809,-0.98586,-0.98929,-0.99172,-0.99348,-0.99478,-0.99576,-0.99651,-0.9971,-0.99757,-0.99795,-0.99826,-0.99851,-0.99873,-0.99891,-0.99906,-0.99919,-0.99931,-0.9994,-0.99949,-0.99956,-0.99963,-0.99969,-0.99974,-0.99978,-0.99982,-0.99985,-0.99988,-0.99991,-0.99993,-0.99995,-0.99996,-0.99998,-0.99999,-0.99999,-1,-1,-1,-1,-0.99999,-0.99998,-0.99997,-0.99996,-0.99994,-0.99992,-0.9999,-0.99987,-0.99984,-0.9998,-0.99976,-0.99971,-0.99966,-0.99959,-0.99952,-0.99944,-0.99934,-0.99923,-0.9991,-0.99894,-0.99876,-0.99855,-0.99829,-0.99798,-0.9976,-0.99713,-0.99654,-0.99578,-0.9948,-0.99349,-0.99172,-0.98929,-0.98585,-0.98088,-0.97354,-0.96244,-0.94525,-0.91811,-0.87482,-0.80666,-0.70634,-0.60533,0
0,-0.43147,-0.59141,-0.70749,-0.79264,-0.85342,-0.89584,-0.92515,-0.9454,-0.95949,-0.9694,-0.97647,-0.9816,-0.98538,-0.98821,-0.99037,-0.99205,-0.99337,-0.99443,-0.99529,-0.99599,-0.99658,-0.99707,-0.99748,-0.99783,-0.99814,-0.9984,-0.99862,-0.99882,-0.99899,-0.99914,-0.99927,-0.99939,-0.99949,-0.99958,-0.99966,-0.99973,-0.99979,-0.99984,-0.99988,-0.99991,-0.99994,-0.99997,-0.99998,-0.99999,-1,-1,-0.99999,-0.99998,-0.99996,-0.99994,-0.9999,-0.99987,-0.99982,-0.99976,-0.9997,-0.99963,-0.99954,-0.99944,-0.99933,-0.9992,-0.99905,-0.99888,-0.99869,-0.99847,-0.99821,-0.99791,-0.99755,-0.99714,-0.99665,-0.99606,-0.99535,-0.99449,-0.99343,-0.9921,-0.99041,-0.98823,-0.98538,-0.98158,-0.97643,-0.96933,-0.95939,-0.94527,-0.92499,-0.89565,-0.85316,-0.79225,-0.70676,-0.58984,-0.42787,0
0,-0.31658,-0.4857,-0.61135,-0.70829,-0.78246,-0.83811,-0.87916,-0.90913,-0.93095,-0.94686,-0.95855,-0.96722,-0.97372,-0.97868,-0.9825,-0.98549,-0.98786,-0.98977,-0.99133,-0.99261,-0.99368,-0.99458,-0.99534,-0.99599,-0.99655,-0.99703,-0.99745,-0.99781,-0.99813,-0.99841,-0.99865,-0.99887,-0.99905,-0.99922,-0.99937,-0.99949,-0.9996,-0.9997,-0.99978,-0.99984,-0.9999,-0.99994,-0.99997,-0.99999,-1,-1,-0.99999,-0.99996,-0.99993,-0.99988,-0.99982,-0.99975,-0.99966,-0.99956,-0.99944,-0.9993,-0.99914,-0.99896,-0.99875,-0.99851,-0.99824,-0.99792,-0.99756,-0.99715,-0.99667,-0.99611,-0.99546,-0.9947,-0.9938,-0.99272,-0.99143,-0.98987,-0.98794,-0.98555,-0.98254,-0.97869,-0.9737,-0.96715,-0.95843,-0.94668,-0.9307,-0.9088,-0.87873,-0.83757,-0.78176,-0.70737,-0.61006,-0.48385,-0.31421,0
0,-0.24083,-0.39833,-0.52401,-0.62648,-0.70946,-0.77542,-0.82679,-0.86616,-0.89602,-0.91855,-0.93556,-0.94846,-0.95833,-0.96594,-0.97189,-0.97659,-0.98035,-0.9834,-0.9859,-0.98796,-0.98968,-0.99114,-0.99237,-0.99343,-0.99434,-0.99513,-0.99581,-0.9964,-0.99693,-0.99738,-0.99778,-0.99814,-0.99845,-0.99872,-0.99896,-0.99916,-0.99934,-0.9995,-0.99963,-0.99974,-0.99983,-0.9999,-0.99995,-0.99998,-1,-1,-0.99998,-0.99994,-0.99988,-0.9998,-0.9997,-0.99958,-0.99944,-0.99927,-0.99907,-0.99884,-0.99858,-0.99828,-0.99794,-0.99754,-0.99709,-0.99658,-0.99599,-0.99531,-0.99452,-0.99361,-0.99256,-0.99132,-0.98986,-0.98812,-0.98604,-0.98353,-0.98046,-0.97667,-0.97193,-0.96593,-0.95825,-0.94832,-0.93532,-0.91821,-0.89556,-0.86557,-0.82605,-0.77451,-0.70837,-0.62516,-0.52243,-0.39652,-0.2391,0
0,-0.18913,-0.32913,-0.44844,-0.55095,-0.63821,-0.71108,-0.77061,-0.81825,-0.85579,-0.88506,-0.90778,-0.9254,-0.93913,-0.94989,-0.9584,-0.96519,-0.97068,-0.97515,-0.97883,-0.98189,-0.98446,-0.98663,-0.98848,-0.99006,-0.99143,-0.99262,-0.99365,-0.99455,-0.99533,-0.99603,-0.99664,-0.99717,-0.99764,-0.99805,-0.99842,-0.99873,-0.99901,-0.99924,-0.99944,-0.99961,-0.99974,-0.99985,-0.99993,-0.99998,-1,-0.99999,-0.99996,-0.9999,-0.99981,-0.99969,-0.99955,-0.99936,-0.99914,-0.99888,-0.99858,-0.99824,-0.99784,-0.99738,-0.99686,-0.99626,-0.99558,-0.9948,-0.9939,-0.99287,-0.99169,-0.99032,-0.98874,-0.98688,-0.9847,-0.98211,-0.97903,-0.97532,-0.97081,-0.96528,-0.95843,-0.94984,-0.93899,-0.92516,-0.9074,-0.88454,-0.85511,-0.8174,-0.76958,-0.70988,-0.63684,-0.54942,-0.4468,-0.32748,-0.1878,0
0,-0.15265,-0.27512,-0.38507,-0.48384,-0.5716,-0.64808,-0.71322,-0.76746,-0.81175,-0.8474,-0.87582,-0.89839,-0.9163,-0.93057,-0.942,-0.95122,-0.95873,-0.9649,-0.97002,-0.97429,-0.97789,-0.98095,-0.98356,-0.98581,-0.98775,-0.98943,-0.9909,-0.99219,-0.99331,-0.9943,-0.99517,-0.99594,-0.99661,-0.99721,-0.99773,-0.99818,-0.99857,-0.99891,-0.9992,-0.99944,-0.99963,-0.99978,-0.99989,-0.99997,-1,-0.99999,-0.99994,-0.99986,-0.99973,-0.99956,-0.99934,-0.99908,-0.99876,-0.99839,-0.99796,-0.99746,-0.99688,-0.99623,-0.99548,-0.99462,-0.99364,-0.99253,-0.99125,-0.98979,-0.9881,-0.98616,-0.98391,-0.98129,-0.97822,-0.97459,-0.97028,-0.96513,-0.9589,-0.95132,-0.94201,-0.93048,-0.9161,-0.89804,-0.87531,-0.84671,-0.81087,-0.76639,-0.71198,-0.64669,-0.5701,-0.48227,-0.3835,-0.27368,-0.1516,0
0,-0.12614,-0.23306,-0.33287,-0.42582,-0.5114,-0.58872,-0.65701,-0.71592,-0.76565,-0.80689,-0.84065,-0.86807,-0.89026,-0.90823,-0.92283,-0.93475,-0.94455,-0.95266,-0.95943,-0.96513,-0.96994,-0.97405,-0.97757,-0.98061,-0.98324,-0.98553,-0.98753,-0.98928,-0.99082,-0.99218,-0.99337,-0.99442,-0.99534,-0.99616,-0.99687,-0.9975,-0.99804,-0.9985,-0.9989,-0.99923,-0.99949,-0.9997,-0.99986,-0.99995,-1,-0.99999,-0.99992,-0.9998,-0.99963,-0.99939,-0.99909,-0.99873,-0.99829,-0.99778,-0.99718,-0.99649,-0.99571,-0.9948,-0.99377,-0.9926,-0.99126,-0.98974,-0.98799,-0.986,-0.98371,-0.98108,-0.97803,-0.9745,-0.97036,-0.96551,-0.95978,-0.95295,-0.94477,-0.93488,-0.92285,-0.90813,-0.89001,-0.86764,-0.84003,-0.80607,-0.76464,-0.71473,-0.65568,-0.58728,-0.5099,-0.42433,-0.33146,-0.23184,-0.1253,0
0,-0.1064,-0.20015,-0.29025,-0.37657,-0.45836,-0.5345,-0.60386,-0.66557,-0.71924,-0.765,-0.80343,-0.83535,-0.86169,-0.88338,-0.90124,-0.91601,-0.92828,-0.93852,-0.94714,-0.95442,-0.96062,-0.96593,-0.9705,-0.97446,-0.97789,-0.98089,-0.98352,-0.98582,-0.98785,-0.98963,-0.99121,-0.9926,-0.99382,-0.9949,-0.99585,-0.99667,-0.99739,-0.99801,-0.99854,-0.99897,-0.99933,-0.99961,-0.99981,-0.99994,-1,-0.99998,-0.9999,-0.99974,-0.9995,-0.99918,-0.99879,-0.9983,-0.99772,-0.99704,-0.99625,-0.99534,-0.99429,-0.9931,-0.99173,-0.99018,-0.98842,-0.98641,-0.98411,-0.9815,-0.9785,-0.97506,-0.97109,-0.9665,-0.96116,-0.95492,-0.94758,-0.9389,-0.92856,-0.91619,-0.9013,-0.88328,-0.86142,-0.83489,-0.80277,-0.76414,-0.71818,-0.66436,-0.60254,-0.53312,-0.45697,-0.37524,-0.28904,-0.19914,-0.10574,0
0,-0.091406,-0.17422,-0.25557,-0.33523,-0.41245,-0.48612,-0.55498,-0.61789,-0.67406,-0.72319,-0.76543,-0.80127,-0.83141,-0.85665,-0.87774,-0.8954,-0.91021,-0.92271,-0.93329,-0.9423,-0.95002,-0.95666,-0.9624,-0.96738,-0.97173,-0.97553,-0.97887,-0.9818,-0.98439,-0.98668,-0.98869,-0.99048,-0.99205,-0.99343,-0.99465,-0.99571,-0.99664,-0.99744,-0.99811,-0.99868,-0.99914,-0.99949,-0.99976,-0.99992,-1,-0.99998,-0.99986,-0.99966,-0.99935,-0.99894,-0.99843,-0.9978,-0.99706,-0.99618,-0.99516,-0.99399,-0.99264,-0.9911,-0.98936,-0.98737,-0.98511,-0.98254,-0.97962,-0.9763,-0.9725,-0.96815,-0.96315,-0.95738,-0.95071,-0.94294,-0.93386,-0.9232,-0.9106,-0.89566,-0.87786,-0.8566,-0.83118,-0.80083,-0.76479,-0.72235,-0.67305,-0.61675,-0.55376,-0.48488,-0.41124,-0.3341,-0.25457,-0.17341,-0.090889,0
0,-0.079822,-0.15363,-0.22733,-0.30073,-0.37318,-0.44368,-0.51097,-0.57384,-0.63128,-0.68267,-0.7278,-0.76687,-0.80033,-0.8288,-0.85294,-0.8734,-0.89075,-0.90553,-0.91814,-0.92896,-0.93829,-0.94635,-0.95336,-0.95946,-0.96481,-0.9695,-0.97362,-0.97726,-0.98048,-0.98332,-0.98584,-0.98806,-0.99003,-0.99176,-0.99329,-0.99462,-0.99578,-0.99678,-0.99763,-0.99834,-0.99892,-0.99937,-0.99969,-0.9999,-1,-0.99997,-0.99983,-0.99957,-0.99918,-0.99867,-0.99802,-0.99724,-0.9963,-0.99519,-0.99392,-0.99244,-0.99076,-0.98884,-0.98666,-0.98418,-0.98137,-0.97818,-0.97456,-0.97045,-0.96576,-0.96041,-0.95429,-0.94726,-0.93915,-0.92977,-0.91888,-0.90617,-0.89128,-0.87379,-0.85317,-0.82885,-0.80019,-0.76652,-0.72725,-0.68193,-0.6304,-0.57286,-0.50994,-0.44264,-0.37219,-0.29982,-0.22654,-0.153,-0.079425,0
0,-0.070735,-0.13714,-0.20427,-0.272,-0.33981,-0.40685,-0.47196,-0.53393,-0.59166,-0.64432,-0.69148,-0.73306,-0.76928,-0.80057,-0.82747,-0.85055,-0.87035,-0.88736,-0.90201,-0.91467,-0.92564,-0.93518,-0.94352,-0.95081,-0.95722,-0.96286,-0.96784,-0.97225,-0.97615,-0.9796,-0.98266,-0.98538,-0.98778,-0.9899,-0.99176,-0.9934,-0.99482,-0.99604,-0.99709,-0.99796,-0.99867,-0.99922,-0.99962,-0.99988,-0.99999,-0.99996,-0.99979,-0.99947,-0.99899,-0.99836,-0.99757,-0.9966,-0.99545,-0.9941,-0.99253,-0.99073,-0.98867,-0.98633,-0.98367,-0.98065,-0.97724,-0.97337,-0.96899,-0.96403,-0.95839,-0.95198,-0.94467,-0.9363,-0.92671,-0.91568,-0.90294,-0.88819,-0.87106,-0.85111,-0.82786,-0.80077,-0.76928,-0.73286,-0.6911,-0.64377,-0.59097,-0.53315,-0.47114,-0.40604,-0.33905,-0.2713,-0.20367,-0.13667,-0.070439,0
0,-0.063506,-0.1238,-0.18533,-0.24804,-0.31154,-0.3751,-0.43771,-0.49823,-0.55555,-0.60872,-0.65715,-0.70055,-0.73896,-0.77262,-0.80194,-0.82739,-0.84946,-0.8686,-0.88522,-0.89969,-0.91231,-0.92336,-0.93305,-0.94157,-0.94909,-0.95573,-0.96161,-0.96683,-0.97145,-0.97556,-0.97921,-0.98245,-0.98532,-0.98786,-0.9901,-0.99206,-0.99377,-0.99524,-0.99649,-0.99754,-0.9984,-0.99906,-0.99955,-0.99986,-0.99999,-0.99996,-0.99974,-0.99936,-0.99879,-0.99803,-0.99707,-0.99591,-0.99452,-0.9929,-0.99102,-0.98886,-0.9864,-0.98359,-0.98042,-0.97682,-0.97276,-0.96818,-0.96299,-0.95714,-0.9505,-0.94299,-0.93445,-0.92472,-0.91363,-0.90094,-0.88639,-0.86966,-0.85039,-0.82817,-0.80254,-0.77303,-0.73917,-0.70057,-0.65698,-0.6084,-0.5551,-0.49771,-0.43715,-0.37454,-0.31101,-0.24756,-0.18491,-0.12347,-0.063296,0
0,-0.05768,-0.11291,-0.16967,-0.22799,-0.28757,-0.34781,-0.40784,-0.4666,-0.52302,-0.57613,-0.62521,-0.66985,-0.7099,-0.74547,-0.77684,-0.80438,-0.82851,-0.84962,-0.86811,-0.88431,-0.89855,-0.91108,-0.92213,-0.93189,-0.94054,-0.94821,-0.95502,-0.96107,-0.96646,-0.97126,-0.97553,-0.97932,-0.98269,-0.98568,-0.98831,-0.99062,-0.99263,-0.99437,-0.99585,-0.99709,-0.9981,-0.99889,-0.99946,-0.99983,-0.99999,-0.99995,-0.9997,-0.99924,-0.99856,-0.99767,-0.99654,-0.99516,-0.99353,-0.99161,-0.9894,-0.98686,-0.98396,-0.98068,-0.97695,-0.97275,-0.96802,-0.96268,-0.95666,-0.94988,-0.94222,-0.93358,-0.9238,-0.91272,-0.90014,-0.88584,-0.86954,-0.85094,-0.82969,-0.80541,-0.77769,-0.74613,-0.71036,-0.67011,-0.6253,-0.57606,-0.52283,-0.46634,-0.40754,-0.3475,-0.28727,-0.22771,-0.16942,-0.1127,-0.057544,0
0,-0.052926,-0.10393,-0.15664,-0.21114,-0.26721,-0.32436,-0.38185,-0.43871,-0.49394,-0.54657,-0.59584,-0.64122,-0.68245,-0.71951,-0.75257,-0.7819,-0.80784,-0.83074,-0.85095,-0.8688,-0.88458,-0.89855,-0.91093,-0.92192,-0.9317,-0.9404,-0.94815,-0.95507,-0.96124,-0.96675,-0.97166,-0.97603,-0.97992,-0.98337,-0.98642,-0.98909,-0.99143,-0.99345,-0.99517,-0.99662,-0.99779,-0.99871,-0.99938,-0.9998,-0.99999,-0.99994,-0.99965,-0.99911,-0.99833,-0.99729,-0.99597,-0.99438,-0.99248,-0.99026,-0.98769,-0.98475,-0.98141,-0.97761,-0.97333,-0.9685,-0.96306,-0.95695,-0.95008,-0.94236,-0.93368,-0.92391,-0.91291,-0.9005,-0.88648,-0.87063,-0.85269,-0.83236,-0.80932,-0.78322,-0.75371,-0.72046,-0.68319,-0.64177,-0.59621,-0.54679,-0.49403,-0.43872,-0.3818,-0.32429,-0.26712,-0.21104,-0.15654,-0.10383,-0.052852,0
0,-0.048999,-0.096449,-0.14571,-0.19689,-0.24984,-0.30417,-0.35924,-0.41418,-0.46806,-0.51995,-0.56905,-0.61479,-0.65681,-0.69499,-0.72941,-0.76023,-0.78774,-0.81223,-0.83401,-0.85338,-0.87061,-0.88595,-0.89962,-0.91181,-0.92269,-0.93242,-0.94111,-0.94889,-0.95585,-0.96208,-0.96764,-0.97261,-0.97704,-0.98097,-0.98444,-0.9875,-0.99018,-0.99249,-0.99446,-0.99611,-0.99746,-0.99851,-0.99928,-0.99977,-0.99999,-0.99993,-0.9996,-0.99898,-0.99808,-0.99689,-0.99538,-0.99356,-0.99139,-0.98885,-0.98592,-0.98257,-0.97876,-0.97444,-0.96958,-0.96411,-0.95796,-0.95107,-0.94335,-0.93469,-0.925,-0.91412,-0.90193,-0.88823,-0.87284,-0.85554,-0.83608,-0.81418,-0.78954,-0.76187,-0.73086,-0.69625,-0.65786,-0.61564,-0.56972,-0.52046,-0.46844,-0.41446,-0.35944,-0.30432,-0.24995,-0.19695,-0.14574,-0.096445,-0.048979,0
0,-0.045719,-0.090163,-0.13647,-0.18476,-0.23495,-0.28674,-0.33954,-0.39262,-0.44508,-0.49606,-0.54476,-0.59055,-0.63305,-0.67204,-0.70751,-0.73957,-0.76841,-0.79429,-0.81748,-0.83823,-0.85681,-0.87343,-0.88832,-0.90166,-0.91363,-0.92435,-0.93398,-0.94262,-0.95037,-0.95731,-0.96354,-0.96911,-0.97407,-0.97849,-0.98241,-0.98586,-0.98888,-0.99149,-0.99372,-0.99559,-0.99712,-0.99831,-0.99919,-0.99974,-0.99999,-0.99992,-0.99954,-0.99885,-0.99783,-0.99648,-0.99478,-0.99271,-0.99026,-0.9874,-0.9841,-0.98033,-0.97604,-0.9712,-0.96575,-0.95964,-0.95278,-0.94511,-0.93654,-0.92697,-0.91628,-0.90433,-0.89099,-0.87607,-0.8594,-0.84075,-0.8199,-0.79659,-0.77056,-0.74154,-0.70929,-0.67362,-0.63442,-0.59172,-0.54573,-0.49686,-0.44574,-0.39316,-0.33999,-0.2871,-0.23524,-0.18497,-0.13661,-0.090244,-0.045746,0
0,-0.04295,-0.08483,-0.12858,-0.17436,-0.22213,-0.27162,-0.32234,-0.37363,-0.42469,-0.47466,-0.52279,-0.56844,-0.61116,-0.6507,-0.68697,-0.72002,-0.74999,-0.77707,-0.8015,-0.8235,-0.84331,-0.86113,-0.87717,-0.8916,-0.9046,-0.91629,-0.92683,-0.9363,-0.94483,-0.9525,-0.95938,-0.96555,-0.97106,-0.97598,-0.98034,-0.98418,-0.98755,-0.99047,-0.99297,-0.99506,-0.99677,-0.99811,-0.99908,-0.99971,-0.99999,-0.99991,-0.99949,-0.99872,-0.99758,-0.99607,-0.99416,-0.99186,-0.98912,-0.98593,-0.98226,-0.97806,-0.9733,-0.96793,-0.96189,-0.95513,-0.94758,-0.93914,-0.92974,-0.91927,-0.90762,-0.89464,-0.88021,-0.86415,-0.84628,-0.8264,-0.80429,-0.77974,-0.7525,-0.72235,-0.6891,-0.65262,-0.61286,-0.56993,-0.52407,-0.47576,-0.42562,-0.37443,-0.32301,-0.27218,-0.22258,-0.17472,-0.12884,-0.084986,-0.043019,0
0,-0.040591,-0.080269,-0.12182,-0.1654,-0.21102,-0.25845,-0.30728,-0.3569,-0.40657,-0.45551,-0.50297,-0.54831,-0.59107,-0.63095,-0.66782,-0.70165,-0.73255,-0.76066,-0.78618,-0.80929,-0.83021,-0.84914,-0.86624,-0.88171,-0.89568,-0.90831,-0.91972,-0.93001,-0.9393,-0.94767,-0.9552,-0.96197,-0.96802,-0.97343,-0.97824,-0.98248,-0.98621,-0.98943,-0.9922,-0.99452,-0.99641,-0.9979,-0.99898,-0.99968,-0.99998,-0.9999,-0.99944,-0.99858,-0.99732,-0.99565,-0.99354,-0.99099,-0.98797,-0.98445,-0.9804,-0.97578,-0.97054,-0.96465,-0.95803,-0.95064,-0.94239,-0.93321,-0.923,-0.91167,-0.89909,-0.88514,-0.86968,-0.85255,-0.83358,-0.81258,-0.78936,-0.76372,-0.73544,-0.70436,-0.67031,-0.63323,-0.59312,-0.55013,-0.50456,-0.45689,-0.40777,-0.35793,-0.30816,-0.25919,-0.21163,-0.16588,-0.12217,-0.080493,-0.040697,0
0,-0.038564,-0.076337,-0.11597,-0.15763,-0.20134,-0.24693,-0.29403,-0.3421,-0.39045,-0.43836,-0.48509,-0.53003,-0.5727,-0.61276,-0.65003,-0.68448,-0.71614,-0.74512,-0.77158,-0.79568,-0.81761,-0.83753,-0.85563,-0.87206,-0.88696,-0.90047,-0.91271,-0.92379,-0.93382,-0.94287,-0.95104,-0.95839,-0.96499,-0.97089,-0.97613,-0.98078,-0.98485,-0.98839,-0.99142,-0.99397,-0.99605,-0.99768,-0.99888,-0.99964,-0.99998,-0.9999,-0.99939,-0.99845,-0.99706,-0.99523,-0.99293,-0.99013,-0.98682,-0.98297,-0.97855,-0.9735,-0.9678,-0.96139,-0.9542,-0.94619,-0.93727,-0.92737,-0.91638,-0.90422,-0.89077,-0.8759,-0.85949,-0.84137,-0.82139,-0.79939,-0.77517,-0.74858,-0.71942,-0.68757,-0.6529,-0.61539,-0.57508,-0.53217,-0.48699,-0.44003,-0.39192,-0.34337,-0.29512,-0.24785,-0.2021,-0.15823,-0.11641,-0.076624,-0.038704,0
0,-0.03681,-0.072925,-0.11088,-0.15084,-0.19287,-0.23681,-0.28235,-0.32899,-0.3761,-0.42299,-0.46898,-0.51345,-0.55591,-0.59603,-0.63358,-0.66849,-0.70076,-0.73047,-0.75774,-0.78271,-0.80554,-0.82638,-0.84538,-0.8627,-0.87847,-0.89281,-0.90585,-0.91768,-0.92842,-0.93814,-0.94693,-0.95485,-0.96197,-0.96835,-0.97404,-0.97907,-0.9835,-0.98734,-0.99064,-0.99341,-0.99568,-0.99746,-0.99877,-0.9996,-0.99998,-0.99989,-0.99934,-0.99831,-0.99681,-0.99482,-0.99231,-0.98928,-0.98569,-0.98151,-0.97671,-0.97126,-0.96509,-0.95817,-0.95044,-0.94182,-0.93226,-0.92165,-0.90993,-0.89698,-0.8827,-0.86698,-0.84967,-0.83065,-0.80976,-0.78685,-0.76176,-0.73435,-0.70446,-0.67197,-0.63683,-0.59902,-0.55865,-0.51591,-0.47118,-0.42494,-0.37782,-0.33049,-0.28364,-0.23791,-0.19377,-0.15156,-0.1114,-0.07327,-0.036981,0
0,-0.035281,-0.069946,-0.10642,-0.1449,-0.18542,-0.22789,-0.27201,-0.31733,-0.36328,-0.40921,-0.45444,-0.49841,-0.5406,-0.58067,-0.61839,-0.65365,-0.68641,-0.71673,-0.7447,-0.77043,-0.79405,-0.81571,-0.83555,-0.85368,-0.87026,-0.88538,-0.89917,-0.91172,-0.92314,-0.9335,-0.94288,-0.95136,-0.959,-0.96585,-0.97196,-0.97738,-0.98215,-0.9863,-0.98986,-0.99286,-0.99532,-0.99725,-0.99866,-0.99957,-0.99998,-0.99988,-0.99929,-0.99818,-0.99656,-0.99441,-0.99171,-0.98844,-0.98457,-0.98007,-0.97492,-0.96905,-0.96244,-0.95503,-0.94676,-0.93756,-0.92737,-0.9161,-0.90368,-0.88999,-0.87493,-0.85841,-0.84028,-0.82043,-0.79872,-0.77501,-0.74915,-0.72103,-0.69052,-0.65753,-0.62203,-0.58404,-0.54369,-0.5012,-0.45695,-0.41144,-0.36525,-0.31906,-0.27349,-0.22915,-0.18646,-0.14572,-0.10703,-0.070346,-0.035481,0
0,-0.033941,-0.067332,-0.10251,-0.13966,-0.17885,-0.21999,-0.26283,-0.30696,-0.35183,-0.39683,-0.44133,-0.48477,-0.52665,-0.56661,-0.60441,-0.6399,-0.67306,-0.70388,-0.73244,-0.75883,-0.78316,-0.80556,-0.82615,-0.84504,-0.86236,-0.87821,-0.89271,-0.90594,-0.918,-0.92897,-0.93893,-0.94795,-0.95608,-0.96338,-0.96991,-0.97571,-0.98082,-0.98527,-0.9891,-0.99232,-0.99496,-0.99703,-0.99855,-0.99953,-0.99997,-0.99988,-0.99924,-0.99806,-0.99632,-0.99402,-0.99112,-0.98762,-0.98348,-0.97867,-0.97316,-0.96691,-0.95986,-0.95197,-0.94319,-0.93343,-0.92265,-0.91075,-0.89765,-0.88327,-0.86749,-0.85023,-0.83135,-0.81075,-0.78829,-0.76387,-0.73735,-0.70862,-0.67759,-0.6442,-0.60844,-0.57035,-0.53008,-0.48789,-0.44414,-0.39934,-0.35404,-0.3089,-0.26451,-0.22141,-0.18002,-0.14058,-0.10319,-0.067784,-0.034169,0
0,-0.032763,-0.065029,-0.099052,-0.13503,-0.17303,-0.21298,-0.25466,-0.29769,-0.34156,-0.3857,-0.42949,-0.4724,-0.51394,-0.55374,-0.59155,-0.62721,-0.66066,-0.6919,-0.72096,-0.74792,-0.77288,-0.79594,-0.81721,-0.83679,-0.8548,-0.87133,-0.88649,-0.90036,-0.91303,-0.92458,-0.93509,-0.94462,-0.95323,-0.96098,-0.96791,-0.97408,-0.97952,-0.98426,-0.98834,-0.99178,-0.9946,-0.99681,-0.99844,-0.99949,-0.99997,-0.99987,-0.9992,-0.99794,-0.99609,-0.99363,-0.99055,-0.98682,-0.98242,-0.97731,-0.97146,-0.96482,-0.95736,-0.94902,-0.93974,-0.92946,-0.91811,-0.90561,-0.89189,-0.87685,-0.86041,-0.84246,-0.82289,-0.80161,-0.77849,-0.75343,-0.72633,-0.69709,-0.66563,-0.63193,-0.59598,-0.55786,-0.51773,-0.47585,-0.43261,-0.38848,-0.34403,-0.29985,-0.25652,-0.21456,-0.17432,-0.13605,-0.099812,-0.06553,-0.033017,0
0,-0.031721,-0.06299,-0.095992,-0.13092,-0.16785,-0.20674,-0.24738,-0.2894,-0.33236,-0.37568,-0.4188,-0.46118,-0.50236,-0.54197,-0.57974,-0.6155,-0.64918,-0.68076,-0.71024,-0.7377,-0.76321,-0.78686,-0.80874,-0.82895,-0.84759,-0.86475,-0.88052,-0.89499,-0.90824,-0.92035,-0.93137,-0.94139,-0.95046,-0.95864,-0.96596,-0.97248,-0.97824,-0.98327,-0.98759,-0.99124,-0.99424,-0.9966,-0.99834,-0.99946,-0.99997,-0.99987,-0.99915,-0.99783,-0.99587,-0.99327,-0.99,-0.98606,-0.9814,-0.976,-0.96982,-0.96282,-0.95496,-0.94618,-0.93643,-0.92565,-0.91376,-0.9007,-0.8864,-0.87076,-0.85369,-0.83511,-0.81492,-0.79302,-0.76931,-0.7437,-0.71609,-0.68641,-0.6546,-0.62065,-0.58458,-0.54648,-0.50652,-0.46497,-0.42222,-0.37874,-0.33507,-0.29178,-0.24942,-0.20847,-0.16928,-0.13204,-0.096825,-0.063541,-0.032,0
0,-0.030797,-0.061182,-0.093273,-0.12727,-0.16325,-0.20118,-0.24086,-0.28198,-0.32409,-0.36666,-0.40914,-0.45102,-0.49183,-0.53122,-0.56891,-0.60473,-0.63858,-0.67042,-0.70027,-0.72816,-0.75415,-0.77832,-0.80075,-0.82154,-0.84075,-0.85849,-0.87483,-0.88986,-0.90365,-0.91627,-0.9278,-0.93828,-0.94779,-0.95637,-0.96407,-0.97093,-0.977,-0.9823,-0.98687,-0.99072,-0.99389,-0.99639,-0.99823,-0.99942,-0.99996,-0.99986,-0.99912,-0.99772,-0.99566,-0.99292,-0.98948,-0.98532,-0.98042,-0.97474,-0.96825,-0.96091,-0.95266,-0.94347,-0.93327,-0.92202,-0.90963,-0.89605,-0.88119,-0.86499,-0.84736,-0.8282,-0.80744,-0.78499,-0.76075,-0.73465,-0.7066,-0.67655,-0.64446,-0.61032,-0.57417,-0.53612,-0.49635,-0.45514,-0.41287,-0.36999,-0.32704,-0.28457,-0.24309,-0.20306,-0.1648,-0.12849,-0.094179,-0.061781,-0.031102,0
0,-0.029976,-0.059573,-0.090853,-0.12401,-0.15914,-0.1962,-0.23503,-0.27532,-0.31665,-0.35852,-0.40041,-0.4418,-0.48226,-0.52141,-0.559,-0.59483,-0.6288,-0.66086,-0.69101,-0.71926,-0.74568,-0.77031,-0.79324,-0.81454,-0.83429,-0.85256,-0.86943,-0.88497,-0.89927,-0.91238,-0.92437,-0.9353,-0.94522,-0.95419,-0.96224,-0.96943,-0.9758,-0.98136,-0.98616,-0.99022,-0.99355,-0.99618,-0.99812,-0.99938,-0.99996,-0.99986,-0.99908,-0.99762,-0.99546,-0.99258,-0.98898,-0.98463,-0.97949,-0.97355,-0.96676,-0.95908,-0.95048,-0.9409,-0.93028,-0.91858,-0.90572,-0.89165,-0.87629,-0.85957,-0.84141,-0.82173,-0.80046,-0.77751,-0.7528,-0.72626,-0.69784,-0.66747,-0.63515,-0.60086,-0.56468,-0.52671,-0.48715,-0.44627,-0.40445,-0.36214,-0.31986,-0.27813,-0.23745,-0.19824,-0.16081,-0.12533,-0.09183,-0.060219,-0.030306,0
0,-0.029245,-0.058139,-0.088694,-0.1211,-0.15547,-0.19175,-0.22981,-0.26935,-0.30997,-0.35119,-0.39252,-0.43345,-0.47355,-0.51247,-0.54993,-0.58575,-0.6198,-0.65204,-0.68243,-0.711,-0.73778,-0.76283,-0.7862,-0.80797,-0.8282,-0.84695,-0.86431,-0.88034,-0.89511,-0.90867,-0.9211,-0.93244,-0.94276,-0.95209,-0.96049,-0.96799,-0.97463,-0.98045,-0.98547,-0.98972,-0.99322,-0.99598,-0.99802,-0.99934,-0.99995,-0.99986,-0.99905,-0.99752,-0.99527,-0.99227,-0.98851,-0.98397,-0.97862,-0.97242,-0.96535,-0.95736,-0.94842,-0.93847,-0.92746,-0.91534,-0.90205,-0.88752,-0.87169,-0.8545,-0.83586,-0.8157,-0.79396,-0.77057,-0.74544,-0.71853,-0.68978,-0.65915,-0.62663,-0.59224,-0.55605,-0.51818,-0.47882,-0.43827,-0.39688,-0.3551,-0.31342,-0.27237,-0.23241,-0.19394,-0.15726,-0.12252,-0.089744,-0.058833,-0.0296,0
0,-0.028593,-0.056859,-0.086767,-0.11851,-0.15218,-0.18777,-0.22513,-0.26398,-0.30396,-0.34459,-0.38539,-0.42588,-0.46565,-0.50433,-0.54166,-0.57743,-0.61154,-0.64391,-0.67451,-0.70335,-0.73045,-0.75586,-0.77963,-0.80182,-0.82248,-0.84168,-0.85949,-0.87596,-0.89116,-0.90515,-0.91799,-0.92972,-0.94041,-0.95009,-0.95881,-0.96661,-0.97352,-0.97958,-0.98481,-0.98925,-0.9929,-0.99578,-0.99791,-0.9993,-0.99995,-0.99986,-0.99902,-0.99744,-0.9951,-0.99198,-0.98808,-0.98335,-0.97779,-0.97136,-0.96402,-0.95574,-0.94648,-0.93619,-0.92481,-0.91231,-0.89861,-0.88366,-0.8674,-0.84977,-0.83069,-0.81011,-0.78795,-0.76416,-0.73866,-0.71142,-0.68238,-0.65153,-0.61886,-0.5844,-0.54822,-0.51045,-0.47131,-0.43106,-0.39007,-0.34878,-0.30767,-0.26722,-0.22791,-0.19012,-0.15411,-0.12002,-0.087889,-0.057602,-0.028972,0
0,-0.028012,-0.055716,-0.085044,-0.11619,-0.14924,-0.1842,-0.22093,-0.25917,-0.29855,-0.33864,-0.37895,-0.41904,-0.45848,-0.49693,-0.53411,-0.56983,-0.60397,-0.63644,-0.66721,-0.69628,-0.72367,-0.7494,-0.77352,-0.79608,-0.81714,-0.83675,-0.85496,-0.87184,-0.88745,-0.90183,-0.91505,-0.92715,-0.93818,-0.94818,-0.95721,-0.96528,-0.97245,-0.97874,-0.98418,-0.98879,-0.99258,-0.99559,-0.99781,-0.99926,-0.99994,-0.99986,-0.999,-0.99736,-0.99494,-0.99172,-0.98767,-0.98278,-0.97703,-0.97037,-0.96279,-0.95424,-0.94468,-0.93406,-0.92235,-0.90948,-0.89541,-0.88008,-0.86343,-0.84539,-0.82592,-0.80495,-0.78241,-0.75826,-0.73244,-0.70491,-0.67563,-0.64459,-0.61179,-0.57728,-0.54113,-0.50348,-0.46454,-0.42458,-0.38396,-0.34312,-0.30252,-0.26263,-0.22391,-0.18671,-0.1513,-0.1178,-0.08624,-0.056508,-0.028415,0
0,-0.027492,-0.054696,-0.083506,-0.11411,-0.14661,-0.18101,-0.21716,-0.25484,-0.29369,-0.33328,-0.37315,-0.41286,-0.45199,-0.49021,-0.52725,-0.56291,-0.59705,-0.6296,-0.66051,-0.68978,-0.7174,-0.74342,-0.76785,-0.79075,-0.81217,-0.83214,-0.85073,-0.86798,-0.88396,-0.89871,-0.91228,-0.92472,-0.93607,-0.94638,-0.95569,-0.96403,-0.97144,-0.97794,-0.98357,-0.98834,-0.99228,-0.9954,-0.99771,-0.99922,-0.99994,-0.99986,-0.99898,-0.9973,-0.9948,-0.99147,-0.9873,-0.98225,-0.97632,-0.96946,-0.96165,-0.95284,-0.943,-0.9321,-0.92007,-0.90687,-0.89246,-0.87677,-0.85976,-0.84137,-0.82153,-0.80021,-0.77734,-0.75287,-0.72676,-0.69898,-0.66949,-0.63829,-0.6054,-0.57085,-0.53474,-0.4972,-0.45846,-0.41877,-0.3785,-0.33807,-0.29792,-0.25854,-0.22034,-0.18368,-0.1488,-0.11583,-0.084777,-0.055537,-0.027921,0
0,-0.027029,-0.053785,-0.082132,-0.11226,-0.14426,-0.17815,-0.2138,-0.25097,-0.28933,-0.32846,-0.36793,-0.40728,-0.44613,-0.48413,-0.52102,-0.55661,-0.59074,-0.62335,-0.65438,-0.68381,-0.71164,-0.73791,-0.76262,-0.78582,-0.80755,-0.82786,-0.84679,-0.86439,-0.8807,-0.89578,-0.90968,-0.92243,-0.93408,-0.94468,-0.95425,-0.96284,-0.97047,-0.97718,-0.98299,-0.98792,-0.99199,-0.99522,-0.99761,-0.99918,-0.99993,-0.99986,-0.99896,-0.99724,-0.99467,-0.99125,-0.98696,-0.98177,-0.97567,-0.96862,-0.9606,-0.95156,-0.94147,-0.93029,-0.91797,-0.90448,-0.88975,-0.87374,-0.8564,-0.83768,-0.81753,-0.79588,-0.77271,-0.74796,-0.7216,-0.6936,-0.66393,-0.6326,-0.59963,-0.56506,-0.529,-0.49158,-0.45301,-0.41358,-0.37362,-0.33356,-0.29384,-0.2549,-0.21717,-0.18099,-0.14658,-0.11408,-0.083479,-0.054676,-0.027484,0
0,-0.026616,-0.052974,-0.080908,-0.1106,-0.14217,-0.1756,-0.21079,-0.2475,-0.28542,-0.32415,-0.36324,-0.40227,-0.44085,-0.47864,-0.51539,-0.5509,-0.58502,-0.61766,-0.64878,-0.67835,-0.70637,-0.73285,-0.75781,-0.78128,-0.8033,-0.8239,-0.84314,-0.86105,-0.87767,-0.89306,-0.90725,-0.9203,-0.93223,-0.94308,-0.9529,-0.96172,-0.96956,-0.97646,-0.98244,-0.98752,-0.99171,-0.99504,-0.99752,-0.99914,-0.99992,-0.99986,-0.99895,-0.99719,-0.99456,-0.99105,-0.98665,-0.98134,-0.97508,-0.96786,-0.95964,-0.95039,-0.94007,-0.92864,-0.91607,-0.90229,-0.88728,-0.87098,-0.85335,-0.83433,-0.81389,-0.79197,-0.76853,-0.74353,-0.71695,-0.68875,-0.65893,-0.62749,-0.59445,-0.55988,-0.52386,-0.48655,-0.44816,-0.40896,-0.36929,-0.32956,-0.29021,-0.25168,-0.21437,-0.17861,-0.14462,-0.11253,-0.082333,-0.053916,-0.027097,0
0,-0.026249,-0.052253,-0.079819,-0.10913,-0.1403,-0.17333,-0.2081,-0.24441,-0.28194,-0.32029,-0.35904,-0.39777,-0.4361,-0.47371,-0.51032,-0.54574,-0.57983,-0.61251,-0.6437,-0.67339,-0.70156,-0.72823,-0.7534,-0.77711,-0.79939,-0.82026,-0.83977,-0.85796,-0.87487,-0.89054,-0.905,-0.91831,-0.93049,-0.94159,-0.95164,-0.96067,-0.96871,-0.97578,-0.98192,-0.98713,-0.99145,-0.99487,-0.99742,-0.9991,-0.99992,-0.99986,-0.99894,-0.99715,-0.99446,-0.99088,-0.98639,-0.98095,-0.97456,-0.96718,-0.95879,-0.94934,-0.93881,-0.92716,-0.91435,-0.90033,-0.88506,-0.8685,-0.8506,-0.83132,-0.81062,-0.78845,-0.76477,-0.73956,-0.71278,-0.68442,-0.65446,-0.62293,-0.58984,-0.55527,-0.5193,-0.4821,-0.44386,-0.40487,-0.36546,-0.32603,-0.28701,-0.24884,-0.2119,-0.17651,-0.1429,-0.11117,-0.081325,-0.053248,-0.026757,0
0,-0.025924,-0.051613,-0.078855,-0.10783,-0.13865,-0.17131,-0.20572,-0.24167,-0.27884,-0.31685,-0.35529,-0.39376,-0.43186,-0.46928,-0.50576,-0.54111,-0.57517,-0.60786,-0.63911,-0.6689,-0.6972,-0.72403,-0.74939,-0.77331,-0.79581,-0.81693,-0.83669,-0.85513,-0.87229,-0.88821,-0.90293,-0.91647,-0.92889,-0.94021,-0.95047,-0.95969,-0.96791,-0.97515,-0.98143,-0.98677,-0.99119,-0.99471,-0.99733,-0.99906,-0.99991,-0.99987,-0.99894,-0.99711,-0.99438,-0.99074,-0.98615,-0.98061,-0.9741,-0.96658,-0.95803,-0.94841,-0.93769,-0.92584,-0.91281,-0.89857,-0.88308,-0.86628,-0.84815,-0.82864,-0.80771,-0.78531,-0.76143,-0.73603,-0.70908,-0.68057,-0.65051,-0.6189,-0.58577,-0.5512,-0.51528,-0.47817,-0.44008,-0.40128,-0.3621,-0.32293,-0.28421,-0.24635,-0.20973,-0.17468,-0.14139,-0.10999,-0.080443,-0.052663,-0.026459,0
0,-0.025638,-0.05105,-0.078004,-0.10668,-0.13719,-0.16953,-0.20362,-0.23924,-0.27609,-0.3138,-0.35197,-0.39019,-0.42809,-0.46534,-0.5017,-0.53697,-0.57099,-0.60369,-0.63499,-0.66485,-0.69327,-0.72024,-0.74577,-0.76987,-0.79257,-0.8139,-0.83388,-0.85255,-0.86993,-0.88608,-0.90102,-0.91479,-0.92741,-0.93893,-0.94938,-0.95878,-0.96716,-0.97455,-0.98097,-0.98643,-0.99095,-0.99456,-0.99724,-0.99902,-0.9999,-0.99987,-0.99894,-0.99709,-0.99432,-0.99062,-0.98596,-0.98033,-0.9737,-0.96606,-0.95736,-0.94759,-0.93671,-0.92468,-0.91147,-0.89703,-0.88133,-0.86433,-0.84599,-0.82628,-0.80514,-0.78256,-0.7585,-0.73293,-0.70583,-0.6772,-0.64704,-0.61536,-0.58221,-0.54764,-0.51177,-0.47475,-0.43679,-0.39815,-0.35917,-0.32024,-0.28178,-0.24419,-0.20786,-0.17309,-0.14009,-0.10895,-0.079678,-0.052155,-0.026201,0
0,-0.025387,-0.050557,-0.077259,-0.10568,-0.13591,-0.16797,-0.20177,-0.23711,-0.27368,-0.31113,-0.34905,-0.38704,-0.42475,-0.46186,-0.4981,-0.53329,-0.56728,-0.59998,-0.63131,-0.66125,-0.68976,-0.71685,-0.74252,-0.76678,-0.78965,-0.81117,-0.83134,-0.85021,-0.8678,-0.88415,-0.89928,-0.91325,-0.92606,-0.93776,-0.94838,-0.95794,-0.96647,-0.974,-0.98054,-0.98611,-0.99073,-0.99441,-0.99716,-0.99898,-0.99989,-0.99988,-0.99894,-0.99708,-0.99427,-0.99052,-0.9858,-0.98008,-0.97337,-0.96561,-0.9568,-0.94689,-0.93587,-0.92368,-0.9103,-0.8957,-0.87982,-0.86265,-0.84413,-0.82423,-0.80292,-0.78018,-0.75596,-0.73025,-0.70303,-0.67429,-0.64405,-0.61232,-0.57914,-0.54458,-0.50875,-0.47181,-0.43395,-0.39546,-0.35666,-0.31793,-0.27969,-0.24234,-0.20625,-0.17173,-0.13897,-0.10807,-0.079022,-0.05172,-0.025979,0
0,-0.025169,-0.050128,-0.076613,-0.1048,-0.1348,-0.16662,-0.20017,-0.23526,-0.27158,-0.30879,-0.34649,-0.3843,-0.42184,-0.45881,-0.49495,-0.53006,-0.56402,-0.59671,-0.62807,-0.65805,-0.68665,-0.71384,-0.73963,-0.76403,-0.78705,-0.80872,-0.82907,-0.84811,-0.86588,-0.88241,-0.89772,-0.91185,-0.92484,-0.9367,-0.94747,-0.95718,-0.96584,-0.97349,-0.98014,-0.98581,-0.99051,-0.99426,-0.99707,-0.99894,-0.99988,-0.99988,-0.99895,-0.99707,-0.99424,-0.99045,-0.98567,-0.97989,-0.97309,-0.96525,-0.95633,-0.94631,-0.93516,-0.92284,-0.90932,-0.89457,-0.87855,-0.86122,-0.84255,-0.8225,-0.80104,-0.77815,-0.7538,-0.72797,-0.70064,-0.67182,-0.64151,-0.60973,-0.57653,-0.54198,-0.50619,-0.46931,-0.43155,-0.39319,-0.35454,-0.31598,-0.27793,-0.24078,-0.20489,-0.17058,-0.13802,-0.10732,-0.078468,-0.051351,-0.025791,0
0,-0.024982,-0.049761,-0.07606,-0.10405,-0.13385,-0.16546,-0.1988,-0.23366,-0.26978,-0.30678,-0.3443,-0.38193,-0.41932,-0.45616,-0.49221,-0.52726,-0.56118,-0.59386,-0.62523,-0.65526,-0.68392,-0.71119,-0.73709,-0.7616,-0.78476,-0.80657,-0.82706,-0.84625,-0.86417,-0.88085,-0.89632,-0.91061,-0.92374,-0.93574,-0.94665,-0.95648,-0.96527,-0.97302,-0.97977,-0.98553,-0.99031,-0.99413,-0.99699,-0.9989,-0.99987,-0.99989,-0.99896,-0.99708,-0.99423,-0.9904,-0.98558,-0.97975,-0.97288,-0.96496,-0.95596,-0.94585,-0.93459,-0.92216,-0.90853,-0.89365,-0.8775,-0.86005,-0.84125,-0.82107,-0.79949,-0.77648,-0.75202,-0.72609,-0.69868,-0.66978,-0.63941,-0.6076,-0.57438,-0.53984,-0.50408,-0.46725,-0.42958,-0.39131,-0.35278,-0.31437,-0.27647,-0.23949,-0.20378,-0.16963,-0.13724,-0.10671,-0.07801,-0.051046,-0.025635,0
0,-0.024825,-0.049452,-0.075593,-0.10342,-0.13305,-0.16448,-0.19764,-0.23232,-0.26825,-0.30508,-0.34243,-0.37991,-0.41717,-0.45391,-0.48987,-0.52486,-0.55875,-0.59141,-0.6228,-0.65286,-0.68157,-0.70891,-0.73489,-0.7595,-0.78276,-0.80469,-0.8253,-0.84463,-0.86268,-0.87949,-0.89509,-0.90951,-0.92277,-0.93489,-0.94592,-0.95586,-0.96475,-0.9726,-0.97943,-0.98527,-0.99012,-0.994,-0.99691,-0.99886,-0.99986,-0.9999,-0.99898,-0.99709,-0.99423,-0.99038,-0.98553,-0.97965,-0.97274,-0.96476,-0.95569,-0.9455,-0.93416,-0.92164,-0.90791,-0.89294,-0.87669,-0.85913,-0.84022,-0.81995,-0.79827,-0.77516,-0.75061,-0.7246,-0.69711,-0.66816,-0.63774,-0.6059,-0.57267,-0.53813,-0.50239,-0.46561,-0.428,-0.38982,-0.35139,-0.31309,-0.27532,-0.23846,-0.20288,-0.16887,-0.13662,-0.10621,-0.077643,-0.050802,-0.02551,0
0,-0.024695,-0.049198,-0.07521,-0.10291,-0.13239,-0.16368,-0.19668,-0.23121,-0.26699,-0.30368,-0.34089,-0.37824,-0.41539,-0.45204,-0.48792,-0.52286,-0.55671,-0.58936,-0.62076,-0.65084,-0.67959,-0.70698,-0.73303,-0.75772,-0.78107,-0.80309,-0.82381,-0.84323,-0.8614,-0.87832,-0.89403,-0.90855,-0.92192,-0.93415,-0.94527,-0.95531,-0.96429,-0.97222,-0.97913,-0.98503,-0.98995,-0.99388,-0.99683,-0.99882,-0.99985,-0.99991,-0.999,-0.99711,-0.99425,-0.99038,-0.98551,-0.97961,-0.97265,-0.96463,-0.95551,-0.94526,-0.93386,-0.92128,-0.90748,-0.89243,-0.8761,-0.85846,-0.83948,-0.81912,-0.79736,-0.77419,-0.74957,-0.72349,-0.69595,-0.66695,-0.6365,-0.60463,-0.57138,-0.53685,-0.50113,-0.46438,-0.42681,-0.38869,-0.35034,-0.31212,-0.27444,-0.23769,-0.20221,-0.1683,-0.13615,-0.10584,-0.077364,-0.050615,-0.025414,0
0,-0.024592,-0.048997,-0.074908,-0.1025,-0.13187,-0.16304,-0.19593,-0.23034,-0.26599,-0.30256,-0.33965,-0.3769,-0.41396,-0.45053,-0.48635,-0.52124,-0.55506,-0.5877,-0.61909,-0.64919,-0.67796,-0.7054,-0.73149,-0.75624,-0.77966,-0.80176,-0.82256,-0.84207,-0.86032,-0.87733,-0.89313,-0.90774,-0.92119,-0.93351,-0.94471,-0.95483,-0.96388,-0.97188,-0.97886,-0.98482,-0.98979,-0.99376,-0.99676,-0.99878,-0.99983,-0.99992,-0.99902,-0.99715,-0.99428,-0.99041,-0.98553,-0.97961,-0.97263,-0.96458,-0.95543,-0.94514,-0.9337,-0.92107,-0.90722,-0.89212,-0.87574,-0.85804,-0.839,-0.81859,-0.79678,-0.77355,-0.74888,-0.72275,-0.69517,-0.66614,-0.63566,-0.60377,-0.57052,-0.53598,-0.50027,-0.46354,-0.426,-0.38792,-0.34962,-0.31146,-0.27385,-0.23716,-0.20175,-0.16791,-0.13582,-0.10558,-0.07717,-0.050483,-0.025346,0
0,-0.024515,-0.048847,-0.074682,-0.10219,-0.13149,-0.16257,-0.19536,-0.22968,-0.26524,-0.30171,-0.33872,-0.37589,-0.41287,-0.44937,-0.48514,-0.51999,-0.55378,-0.5864,-0.61779,-0.64789,-0.67669,-0.70415,-0.73028,-0.75508,-0.77855,-0.8007,-0.82155,-0.84113,-0.85945,-0.87653,-0.89239,-0.90708,-0.92059,-0.93298,-0.94425,-0.95442,-0.96353,-0.97159,-0.97862,-0.98463,-0.98964,-0.99365,-0.99669,-0.99874,-0.99982,-0.99992,-0.99905,-0.99718,-0.99433,-0.99046,-0.98558,-0.97966,-0.97267,-0.96461,-0.95544,-0.94513,-0.93367,-0.92101,-0.90714,-0.89201,-0.87559,-0.85787,-0.83879,-0.81835,-0.7965,-0.77324,-0.74854,-0.72239,-0.69478,-0.66572,-0.63523,-0.60332,-0.57006,-0.53552,-0.49981,-0.46309,-0.42557,-0.38751,-0.34923,-0.3111,-0.27352,-0.23687,-0.2015,-0.16769,-0.13564,-0.10544,-0.077059,-0.050407,-0.025305,0
0,-0.024463,-0.048746,-0.074532,-0.10199,-0.13123,-0.16226,-0.19499,-0.22924,-0.26473,-0.30114,-0.33808,-0.37519,-0.41211,-0.44856,-0.48429,-0.51911,-0.55287,-0.58548,-0.61685,-0.64696,-0.67576,-0.70324,-0.72939,-0.75421,-0.77771,-0.7999,-0.8208,-0.84042,-0.85878,-0.8759,-0.89182,-0.90655,-0.92012,-0.93255,-0.94386,-0.95409,-0.96324,-0.97134,-0.97841,-0.98446,-0.9895,-0.99355,-0.99662,-0.9987,-0.99981,-0.99993,-0.99908,-0.99723,-0.99439,-0.99054,-0.98567,-0.97975,-0.97277,-0.96471,-0.95554,-0.94524,-0.93377,-0.92111,-0.90723,-0.8921,-0.87567,-0.85794,-0.83885,-0.8184,-0.79654,-0.77327,-0.74856,-0.72239,-0.69477,-0.6657,-0.6352,-0.60328,-0.57001,-0.53546,-0.49975,-0.46302,-0.4255,-0.38744,-0.34917,-0.31104,-0.27346,-0.23682,-0.20145,-0.16765,-0.1356,-0.1054,-0.077029,-0.050383,-0.025291,0
0,-0.024437,-0.048695,-0.074457,-0.10189,-0.1311,-0.1621,-0.19479,-0.22901,-0.26447,-0.30083,-0.33773,-0.37479,-0.41168,-0.4481,-0.48379,-0.51858,-0.55232,-0.58491,-0.61628,-0.64638,-0.67517,-0.70266,-0.72881,-0.75365,-0.77716,-0.79937,-0.82029,-0.83993,-0.85831,-0.87547,-0.89141,-0.90617,-0.91977,-0.93223,-0.94357,-0.95382,-0.96301,-0.97114,-0.97823,-0.98431,-0.98938,-0.99346,-0.99655,-0.99866,-0.99979,-0.99994,-0.99911,-0.99729,-0.99447,-0.99064,-0.98579,-0.97989,-0.97293,-0.96489,-0.95574,-0.94546,-0.93401,-0.92137,-0.9075,-0.89238,-0.87598,-0.85825,-0.83918,-0.81874,-0.79689,-0.77363,-0.74892,-0.72277,-0.69515,-0.66608,-0.63557,-0.60365,-0.57037,-0.53581,-0.50008,-0.46334,-0.4258,-0.38772,-0.34942,-0.31128,-0.27367,-0.237,-0.20161,-0.16778,-0.13571,-0.10548,-0.07708,-0.050413,-0.025304,0
0,-0.024434,-0.048693,-0.074456,-0.10189,-0.1311,-0.16209,-0.19479,-0.22899,-0.26444,-0.30078,-0.33767,-0.37471,-0.41158,-0.44797,-0.48364,-0.51841,-0.55213,-0.58471,-0.61606,-0.64614,-0.67493,-0.7024,-0.72855,-0.75338,-0.77689,-0.7991,-0.82002,-0.83966,-0.85805,-0.87521,-0.89116,-0.90593,-0.91954,-0.93201,-0.94337,-0.95363,-0.96283,-0.97098,-0.97809,-0.98419,-0.98928,-0.99338,-0.99649,-0.99862,-0.99977,-0.99995,-0.99914,-0.99735,-0.99456,-0.99076,-0.98594,-0.98008,-0.97315,-0.96515,-0.95603,-0.94579,-0.93438,-0.92177,-0.90795,-0.89286,-0.8765,-0.85881,-0.83978,-0.81937,-0.79756,-0.77432,-0.74964,-0.7235,-0.69591,-0.66685,-0.63634,-0.60442,-0.57114,-0.53656,-0.50081,-0.46404,-0.42647,-0.38835,-0.35,-0.31181,-0.27415,-0.23742,-0.20197,-0.16808,-0.13595,-0.10566,-0.077212,-0.050496,-0.025343,0
0,-0.024457,-0.04874,-0.07453,-0.10199,-0.13123,-0.16225,-0.19496,-0.22919,-0.26465,-0.301,-0.33789,-0.37493,-0.4118,-0.44818,-0.48385,-0.5186,-0.55231,-0.58486,-0.61619,-0.64626,-0.67503,-0.70248,-0.72861,-0.75342,-0.77691,-0.7991,-0.81999,-0.83962,-0.85799,-0.87514,-0.89108,-0.90584,-0.91943,-0.9319,-0.94325,-0.95352,-0.96271,-0.97086,-0.97798,-0.98409,-0.98919,-0.9933,-0.99643,-0.99858,-0.99976,-0.99996,-0.99918,-0.99742,-0.99467,-0.99091,-0.98613,-0.98031,-0.97343,-0.96548,-0.95642,-0.94623,-0.93487,-0.92233,-0.90856,-0.89354,-0.87724,-0.85961,-0.84064,-0.82029,-0.79853,-0.77534,-0.75071,-0.72461,-0.69705,-0.66801,-0.63752,-0.6056,-0.57231,-0.53772,-0.50194,-0.46514,-0.42751,-0.38932,-0.35091,-0.31264,-0.2749,-0.23808,-0.20253,-0.16856,-0.13633,-0.10596,-0.077426,-0.050633,-0.025409,0
0,-0.024505,-0.048837,-0.074678,-0.1022,-0.13149,-0.16256,-0.19532,-0.22959,-0.2651,-0.30149,-0.3384,-0.37547,-0.41235,-0.44874,-0.4844,-0.51915,-0.55284,-0.58538,-0.61669,-0.64673,-0.67546,-0.70288,-0.72898,-0.75375,-0.7772,-0.79935,-0.82021,-0.8398,-0.85814,-0.87525,-0.89116,-0.90588,-0.91945,-0.93189,-0.94323,-0.95347,-0.96265,-0.97079,-0.97791,-0.98401,-0.98911,-0.99323,-0.99637,-0.99854,-0.99974,-0.99997,-0.99922,-0.9975,-0.99478,-0.99107,-0.98634,-0.98058,-0.97377,-0.96588,-0.95689,-0.94678,-0.9355,-0.92304,-0.90936,-0.89442,-0.8782,-0.86066,-0.84177,-0.8215,-0.79982,-0.7767,-0.75213,-0.72609,-0.69857,-0.66958,-0.63911,-0.6072,-0.57391,-0.5393,-0.50348,-0.46662,-0.42893,-0.39066,-0.35216,-0.31378,-0.27592,-0.23898,-0.20331,-0.16921,-0.13687,-0.10637,-0.077725,-0.050825,-0.025503,0
0,-0.024579,-0.048984,-0.074904,-0.1025,-0.13188,-0.16303,-0.19587,-0.23022,-0.26579,-0.30224,-0.33921,-0.37632,-0.41323,-0.44964,-0.48531,-0.52006,-0.55374,-0.58626,-0.61754,-0.64755,-0.67624,-0.70362,-0.72966,-0.75438,-0.77778,-0.79988,-0.82068,-0.84021,-0.85849,-0.87555,-0.8914,-0.90608,-0.9196,-0.932,-0.94329,-0.9535,-0.96266,-0.97077,-0.97786,-0.98395,-0.98905,-0.99317,-0.99632,-0.9985,-0.99972,-0.99997,-0.99926,-0.99758,-0.99492,-0.99126,-0.9866,-0.9809,-0.97417,-0.96636,-0.95746,-0.94744,-0.93626,-0.9239,-0.91032,-0.8955,-0.87938,-0.86195,-0.84317,-0.823,-0.80142,-0.7784,-0.75392,-0.72795,-0.7005,-0.67155,-0.64112,-0.60923,-0.57593,-0.54129,-0.50544,-0.46851,-0.43074,-0.39237,-0.35374,-0.31523,-0.27723,-0.24014,-0.20431,-0.17005,-0.13755,-0.1069,-0.07811,-0.051073,-0.025625,0
0,-0.024679,-0.049184,-0.07521,-0.10292,-0.1324,-0.16367,-0.19662,-0.23107,-0.26674,-0.30328,-0.34032,-0.37749,-0.41445,-0.45089,-0.48658,-0.52134,-0.55501,-0.58751,-0.61876,-0.64873,-0.67737,-0.70469,-0.73067,-0.75532,-0.77865,-0.80067,-0.82139,-0.84085,-0.85905,-0.87603,-0.89181,-0.90642,-0.91987,-0.93221,-0.94345,-0.95361,-0.96272,-0.97079,-0.97786,-0.98392,-0.98901,-0.99312,-0.99627,-0.99846,-0.9997,-0.99998,-0.99931,-0.99767,-0.99506,-0.99147,-0.98688,-0.98127,-0.97462,-0.96691,-0.95812,-0.94821,-0.93715,-0.92491,-0.91146,-0.89677,-0.88079,-0.86349,-0.84484,-0.8248,-0.80335,-0.78044,-0.75607,-0.7302,-0.70282,-0.67394,-0.64355,-0.61168,-0.57839,-0.54373,-0.50782,-0.47083,-0.43295,-0.39446,-0.35569,-0.31701,-0.27884,-0.24156,-0.20554,-0.17108,-0.13839,-0.10756,-0.078585,-0.05138,-0.025776,0
0,-0.024806,-0.049439,-0.075598,-0.10344,-0.13307,-0.16448,-0.19757,-0.23215,-0.26794,-0.3046,-0.34174,-0.37899,-0.41601,-0.45251,-0.48823,-0.52299,-0.55666,-0.58914,-0.62036,-0.65027,-0.67886,-0.70611,-0.73201,-0.75657,-0.77981,-0.80173,-0.82236,-0.84171,-0.85982,-0.8767,-0.89239,-0.90691,-0.92028,-0.93253,-0.94369,-0.95379,-0.96284,-0.97086,-0.97789,-0.98392,-0.98898,-0.99308,-0.99622,-0.99842,-0.99967,-0.99999,-0.99935,-0.99777,-0.99522,-0.9917,-0.98719,-0.98167,-0.97513,-0.96754,-0.95886,-0.94908,-0.93816,-0.92607,-0.91278,-0.89824,-0.88242,-0.86528,-0.84679,-0.8269,-0.8056,-0.78283,-0.75859,-0.73283,-0.70556,-0.67675,-0.64642,-0.61459,-0.5813,-0.54662,-0.51066,-0.47357,-0.43558,-0.39695,-0.35801,-0.31914,-0.28075,-0.24325,-0.20701,-0.17232,-0.13939,-0.10834,-0.079155,-0.051749,-0.025958,0
0,-0.024963,-0.049751,-0.076072,-0.10409,-0.13388,-0.16546,-0.19873,-0.23348,-0.26942,-0.30622,-0.34348,-0.38084,-0.41794,-0.4545,-0.49026,-0.52504,-0.55871,-0.59116,-0.62233,-0.65219,-0.68071,-0.70787,-0.73368,-0.75814,-0.78126,-0.80307,-0.82358,-0.84281,-0.8608,-0.87757,-0.89314,-0.90754,-0.92081,-0.93296,-0.94404,-0.95405,-0.96302,-0.97098,-0.97795,-0.98394,-0.98897,-0.99304,-0.99618,-0.99838,-0.99965,-0.99999,-0.9994,-0.99787,-0.99539,-0.99195,-0.98753,-0.98212,-0.97569,-0.96823,-0.9597,-0.95007,-0.93931,-0.92739,-0.91426,-0.8999,-0.88427,-0.86731,-0.84901,-0.82931,-0.80817,-0.78558,-0.76149,-0.73587,-0.70872,-0.68001,-0.64975,-0.61796,-0.58468,-0.54997,-0.51395,-0.47677,-0.43865,-0.39985,-0.36072,-0.32163,-0.283,-0.24524,-0.20873,-0.17377,-0.14058,-0.10926,-0.079825,-0.052183,-0.026172,0
0,-0.02515,-0.050123,-0.076638,-0.10485,-0.13486,-0.16664,-0.20011,-0.23505,-0.27118,-0.30815,-0.34556,-0.38304,-0.42025,-0.45687,-0.49268,-0.52749,-0.56115,-0.59358,-0.6247,-0.65449,-0.68292,-0.70999,-0.73568,-0.76002,-0.78302,-0.80469,-0.82506,-0.84415,-0.862,-0.87862,-0.89406,-0.90833,-0.92147,-0.93351,-0.94447,-0.95438,-0.96327,-0.97115,-0.97805,-0.98399,-0.98897,-0.99302,-0.99614,-0.99834,-0.99963,-1,-0.99945,-0.99797,-0.99557,-0.99221,-0.9879,-0.98261,-0.97631,-0.96899,-0.96062,-0.95116,-0.94058,-0.92885,-0.91592,-0.90177,-0.88634,-0.8696,-0.85151,-0.83201,-0.81109,-0.78868,-0.76477,-0.73932,-0.71231,-0.68372,-0.65354,-0.62181,-0.58854,-0.55382,-0.51774,-0.48045,-0.44218,-0.4032,-0.36385,-0.3245,-0.28559,-0.24754,-0.21072,-0.17544,-0.14194,-0.11033,-0.080602,-0.052687,-0.02642,0
0,-0.02537,-0.050559,-0.077301,-0.10575,-0.13599,-0.16802,-0.20173,-0.2369,-0.27325,-0.31041,-0.34799,-0.38562,-0.42294,-0.45966,-0.49552,-0.53035,-0.56401,-0.59641,-0.62748,-0.65719,-0.68552,-0.71247,-0.73804,-0.76223,-0.78508,-0.80659,-0.8268,-0.84573,-0.86341,-0.87988,-0.89515,-0.90927,-0.92227,-0.93417,-0.945,-0.9548,-0.96358,-0.97137,-0.97819,-0.98406,-0.98899,-0.99301,-0.99611,-0.9983,-0.9996,-1,-0.99949,-0.99808,-0.99575,-0.9925,-0.9883,-0.98313,-0.97698,-0.96982,-0.96162,-0.95235,-0.94197,-0.93045,-0.91775,-0.90383,-0.88864,-0.87214,-0.85429,-0.83503,-0.81434,-0.79216,-0.76845,-0.74319,-0.71635,-0.68789,-0.65783,-0.62616,-0.59292,-0.55818,-0.52204,-0.48464,-0.44621,-0.40702,-0.36742,-0.32779,-0.28856,-0.25017,-0.213,-0.17737,-0.14351,-0.11155,-0.081495,-0.053266,-0.026706,0
0,-0.025624,-0.051065,-0.078069,-0.10679,-0.13731,-0.16961,-0.20359,-0.23903,-0.27562,-0.31301,-0.3508,-0.3886,-0.42605,-0.46287,-0.49879,-0.53365,-0.56731,-0.59967,-0.63068,-0.6603,-0.68852,-0.71533,-0.74075,-0.76478,-0.78745,-0.80879,-0.82881,-0.84755,-0.86505,-0.88133,-0.89642,-0.91037,-0.9232,-0.93494,-0.94563,-0.95529,-0.96395,-0.97164,-0.97837,-0.98416,-0.98903,-0.993,-0.99608,-0.99827,-0.99957,-1,-0.99954,-0.9982,-0.99595,-0.9928,-0.98872,-0.98369,-0.9777,-0.97072,-0.96271,-0.95365,-0.94349,-0.93221,-0.91976,-0.90609,-0.89117,-0.87494,-0.85735,-0.83837,-0.81794,-0.79601,-0.77254,-0.7475,-0.72085,-0.69256,-0.66262,-0.63104,-0.59784,-0.56309,-0.52688,-0.48936,-0.45076,-0.41134,-0.37146,-0.33151,-0.29193,-0.25316,-0.21559,-0.17956,-0.1453,-0.11294,-0.082512,-0.053927,-0.027032,0
0,-0.025917,-0.051645,-0.078949,-0.10798,-0.13882,-0.17144,-0.20573,-0.24147,-0.27834,-0.31599,-0.354,-0.39199,-0.4296,-0.46652,-0.50252,-0.53741,-0.57106,-0.60338,-0.63431,-0.66383,-0.69192,-0.71858,-0.74382,-0.76767,-0.79015,-0.81128,-0.83109,-0.84963,-0.86691,-0.88298,-0.89787,-0.91163,-0.92427,-0.93584,-0.94636,-0.95587,-0.96439,-0.97196,-0.97858,-0.98429,-0.98909,-0.99301,-0.99606,-0.99823,-0.99955,-1,-0.99959,-0.99831,-0.99616,-0.99312,-0.98917,-0.98429,-0.97847,-0.97168,-0.96388,-0.95504,-0.94513,-0.93411,-0.92193,-0.90855,-0.89392,-0.87799,-0.86071,-0.84202,-0.82189,-0.80025,-0.77705,-0.75226,-0.72583,-0.69773,-0.66794,-0.63647,-0.60332,-0.56857,-0.5323,-0.49466,-0.45587,-0.41621,-0.37602,-0.33572,-0.29574,-0.25654,-0.21853,-0.18204,-0.14733,-0.11453,-0.083667,-0.054676,-0.027401,0
0,-0.02625,-0.052306,-0.079952,-0.10934,-0.14053,-0.17351,-0.20815,-0.24423,-0.28143,-0.31936,-0.35763,-0.39583,-0.43361,-0.47065,-0.50673,-0.54165,-0.57528,-0.60755,-0.6384,-0.66779,-0.69574,-0.72223,-0.74728,-0.77092,-0.79318,-0.81408,-0.83366,-0.85195,-0.869,-0.88484,-0.89951,-0.91304,-0.92548,-0.93685,-0.94719,-0.95653,-0.9649,-0.97233,-0.97884,-0.98445,-0.98917,-0.99303,-0.99604,-0.9982,-0.99952,-1,-0.99964,-0.99843,-0.99637,-0.99345,-0.98964,-0.98493,-0.97929,-0.9727,-0.96513,-0.95654,-0.9469,-0.93615,-0.92427,-0.9112,-0.8969,-0.8813,-0.86435,-0.846,-0.8262,-0.80488,-0.78199,-0.75748,-0.73131,-0.70343,-0.67382,-0.64247,-0.60941,-0.57466,-0.53834,-0.50057,-0.46158,-0.42165,-0.38113,-0.34044,-0.30003,-0.26036,-0.22184,-0.18484,-0.14962,-0.11632,-0.084973,-0.055524,-0.027819,0
0,-0.026629,-0.053056,-0.081088,-0.11087,-0.14247,-0.17585,-0.2109,-0.24736,-0.28491,-0.32316,-0.36171,-0.40015,-0.43811,-0.47529,-0.51144,-0.54639,-0.58001,-0.61221,-0.64296,-0.67222,-0.69999,-0.72629,-0.75113,-0.77453,-0.79654,-0.81719,-0.83651,-0.85454,-0.87133,-0.88691,-0.90133,-0.91462,-0.92682,-0.93798,-0.94812,-0.95727,-0.96548,-0.97276,-0.97913,-0.98463,-0.98927,-0.99306,-0.99603,-0.99817,-0.99949,-0.99999,-0.99968,-0.99855,-0.99659,-0.99379,-0.99013,-0.98559,-0.98015,-0.97378,-0.96645,-0.95813,-0.94877,-0.93834,-0.92678,-0.91405,-0.9001,-0.88486,-0.86828,-0.8503,-0.83087,-0.80991,-0.78736,-0.76318,-0.7373,-0.70968,-0.68028,-0.64909,-0.61612,-0.58141,-0.54503,-0.50714,-0.46795,-0.42773,-0.38686,-0.34574,-0.30484,-0.26464,-0.22557,-0.188,-0.1522,-0.11833,-0.086447,-0.05648,-0.02829,0
0,-0.027057,-0.053904,-0.082372,-0.1126,-0.14465,-0.17849,-0.21398,-0.25086,-0.28881,-0.32742,-0.36628,-0.40498,-0.44314,-0.48046,-0.51669,-0.55167,-0.58526,-0.61739,-0.64802,-0.67712,-0.7047,-0.73078,-0.75537,-0.77852,-0.80025,-0.82061,-0.83964,-0.85739,-0.87389,-0.88919,-0.90333,-0.91636,-0.92831,-0.93923,-0.94915,-0.9581,-0.96612,-0.97324,-0.97947,-0.98485,-0.98939,-0.99311,-0.99602,-0.99814,-0.99946,-0.99999,-0.99973,-0.99868,-0.99682,-0.99414,-0.99064,-0.98628,-0.98105,-0.97492,-0.96785,-0.95981,-0.95076,-0.94066,-0.92945,-0.91709,-0.90352,-0.88868,-0.8725,-0.85494,-0.8359,-0.81534,-0.79319,-0.76937,-0.74382,-0.7165,-0.68735,-0.65635,-0.62351,-0.58884,-0.55244,-0.51443,-0.47502,-0.43451,-0.39325,-0.35166,-0.31024,-0.26945,-0.22976,-0.19155,-0.15511,-0.12061,-0.08811,-0.057559,-0.028821,0
0,-0.02754,-0.054859,-0.083818,-0.11455,-0.14711,-0.18146,-0.21744,-0.2548,-0.29318,-0.33219,-0.37138,-0.41035,-0.44873,-0.4862,-0.52252,-0.55752,-0.59107,-0.62311,-0.65359,-0.68251,-0.70988,-0.73571,-0.76003,-0.78289,-0.80432,-0.82437,-0.84308,-0.8605,-0.87669,-0.89168,-0.90552,-0.91826,-0.92994,-0.9406,-0.95028,-0.95901,-0.96683,-0.97377,-0.97985,-0.9851,-0.98953,-0.99317,-0.99602,-0.99811,-0.99942,-0.99998,-0.99977,-0.9988,-0.99705,-0.99451,-0.99117,-0.987,-0.98199,-0.97611,-0.96931,-0.96158,-0.95286,-0.94311,-0.93227,-0.92031,-0.90715,-0.89274,-0.87701,-0.85989,-0.84131,-0.82119,-0.79947,-0.77606,-0.75089,-0.72391,-0.69506,-0.66429,-0.6316,-0.59702,-0.5606,-0.52248,-0.48287,-0.44204,-0.40037,-0.35829,-0.31628,-0.27485,-0.23448,-0.19555,-0.15839,-0.12318,-0.089987,-0.058777,-0.02942,0
0,-0.028084,-0.055936,-0.085446,-0.11674,-0.14987,-0.18479,-0.22132,-0.2592,-0.29806,-0.3375,-0.37706,-0.41633,-0.45493,-0.49255,-0.52895,-0.56396,-0.59746,-0.62939,-0.65971,-0.68842,-0.71554,-0.74109,-0.76512,-0.78765,-0.80874,-0.82845,-0.84681,-0.86389,-0.87973,-0.89438,-0.9079,-0.92033,-0.93171,-0.9421,-0.95152,-0.96001,-0.96762,-0.97436,-0.98027,-0.98538,-0.98969,-0.99324,-0.99603,-0.99808,-0.99939,-0.99997,-0.99981,-0.99892,-0.99728,-0.99488,-0.99171,-0.98775,-0.98297,-0.97734,-0.97084,-0.96342,-0.95505,-0.94568,-0.93525,-0.92371,-0.911,-0.89706,-0.88181,-0.86517,-0.84709,-0.82746,-0.80621,-0.78327,-0.75853,-0.73194,-0.70343,-0.67294,-0.64046,-0.60599,-0.56958,-0.53137,-0.49155,-0.45041,-0.4083,-0.36568,-0.32305,-0.28092,-0.23978,-0.20007,-0.1621,-0.12608,-0.09211,-0.060155,-0.030096,0
0,-0.028697,-0.057148,-0.087277,-0.11921,-0.15297,-0.18851,-0.22565,-0.26411,-0.3035,-0.3434,-0.38336,-0.42295,-0.46179,-0.49956,-0.53604,-0.57104,-0.60447,-0.63627,-0.6664,-0.69487,-0.72171,-0.74695,-0.77064,-0.79281,-0.81354,-0.83286,-0.85085,-0.86755,-0.88301,-0.8973,-0.91047,-0.92256,-0.93363,-0.94371,-0.95285,-0.96109,-0.96847,-0.975,-0.98074,-0.98569,-0.98988,-0.99333,-0.99605,-0.99806,-0.99936,-0.99996,-0.99985,-0.99904,-0.99751,-0.99526,-0.99226,-0.98851,-0.98397,-0.97862,-0.97242,-0.96535,-0.95734,-0.94837,-0.93837,-0.92728,-0.91505,-0.90161,-0.88688,-0.87078,-0.85323,-0.83414,-0.81343,-0.791,-0.76675,-0.74061,-0.7125,-0.68234,-0.65011,-0.6158,-0.57945,-0.54117,-0.50116,-0.45969,-0.41713,-0.37394,-0.33063,-0.28773,-0.24576,-0.20516,-0.16629,-0.12937,-0.094516,-0.061716,-0.030862,0
0,-0.029389,-0.058514,-0.089337,-0.12197,-0.15645,-0.19269,-0.2305,-0.26958,-0.30955,-0.34996,-0.39034,-0.43026,-0.46935,-0.50728,-0.54381,-0.5788,-0.61214,-0.64377,-0.67368,-0.70188,-0.7284,-0.7533,-0.7766,-0.79839,-0.81871,-0.83762,-0.85519,-0.87148,-0.88654,-0.90044,-0.91323,-0.92496,-0.93569,-0.94545,-0.95429,-0.96226,-0.96939,-0.9757,-0.98124,-0.98603,-0.99008,-0.99343,-0.99608,-0.99804,-0.99933,-0.99994,-0.99989,-0.99915,-0.99774,-0.99564,-0.99283,-0.98929,-0.985,-0.97993,-0.97406,-0.96733,-0.95972,-0.95116,-0.94161,-0.93101,-0.91929,-0.90639,-0.89221,-0.87669,-0.85973,-0.84124,-0.82111,-0.79926,-0.77557,-0.74994,-0.72229,-0.69253,-0.66061,-0.62651,-0.59026,-0.55195,-0.51177,-0.46998,-0.42696,-0.38317,-0.33913,-0.2954,-0.2525,-0.21092,-0.17104,-0.13311,-0.097255,-0.063495,-0.031733,0
0,-0.03017,-0.060054,-0.091657,-0.12508,-0.16035,-0.19736,-0.23591,-0.27569,-0.31628,-0.35723,-0.39806,-0.43834,-0.47767,-0.51574,-0.55233,-0.58728,-0.62049,-0.65192,-0.68157,-0.70946,-0.73563,-0.76013,-0.78303,-0.80438,-0.82425,-0.84272,-0.85984,-0.87568,-0.89031,-0.90379,-0.91617,-0.92752,-0.93788,-0.9473,-0.95583,-0.96351,-0.97037,-0.97646,-0.98179,-0.9864,-0.99032,-0.99355,-0.99611,-0.99802,-0.99929,-0.99992,-0.99992,-0.99927,-0.99797,-0.99602,-0.99339,-0.99008,-0.98605,-0.98128,-0.97573,-0.96938,-0.96217,-0.95405,-0.94498,-0.93489,-0.92371,-0.91138,-0.89781,-0.88291,-0.86658,-0.84874,-0.82926,-0.80805,-0.78498,-0.75994,-0.73282,-0.70354,-0.672,-0.63818,-0.60209,-0.5638,-0.52348,-0.48139,-0.43791,-0.39349,-0.34868,-0.30404,-0.26014,-0.21747,-0.17646,-0.13737,-0.10039,-0.065532,-0.032731,0
0,-0.031053,-0.061794,-0.094275,-0.12859,-0.16473,-0.2026,-0.24197,-0.2825,-0.32376,-0.36529,-0.4066,-0.44724,-0.48681,-0.52502,-0.56163,-0.59651,-0.62956,-0.66075,-0.6901,-0.71764,-0.74341,-0.76748,-0.78991,-0.81079,-0.83018,-0.84815,-0.86479,-0.88015,-0.89432,-0.90735,-0.9193,-0.93024,-0.94021,-0.94927,-0.95747,-0.96484,-0.97143,-0.97727,-0.98238,-0.98681,-0.99057,-0.99368,-0.99616,-0.99801,-0.99926,-0.9999,-0.99994,-0.99938,-0.9982,-0.9964,-0.99396,-0.99088,-0.98711,-0.98264,-0.97744,-0.97147,-0.96468,-0.95702,-0.94845,-0.9389,-0.9283,-0.91657,-0.90363,-0.8894,-0.87377,-0.85663,-0.83786,-0.81736,-0.79498,-0.77061,-0.74411,-0.71538,-0.68432,-0.65086,-0.615,-0.57679,-0.53638,-0.49403,-0.4501,-0.40504,-0.35941,-0.3138,-0.2688,-0.22493,-0.18265,-0.14227,-0.10399,-0.067879,-0.033882,0
0,-0.032055,-0.063764,-0.097234,-0.13254,-0.16966,-0.20848,-0.24874,-0.29008,-0.33207,-0.37422,-0.41602,-0.45702,-0.49684,-0.53516,-0.57177,-0.60653,-0.63938,-0.6703,-0.6993,-0.72643,-0.75175,-0.77533,-0.79726,-0.81761,-0.83647,-0.85392,-0.87003,-0.88489,-0.89855,-0.9111,-0.9226,-0.9331,-0.94267,-0.95135,-0.9592,-0.96625,-0.97254,-0.97812,-0.98301,-0.98725,-0.99084,-0.99383,-0.99621,-0.99801,-0.99923,-0.99988,-0.99996,-0.99948,-0.99842,-0.99677,-0.99453,-0.99167,-0.98818,-0.98402,-0.97917,-0.97359,-0.96724,-0.96006,-0.95201,-0.94301,-0.93301,-0.92193,-0.90967,-0.89615,-0.88126,-0.86488,-0.8469,-0.82717,-0.80557,-0.78195,-0.75617,-0.72809,-0.69759,-0.66459,-0.62905,-0.591,-0.55058,-0.50801,-0.46365,-0.41796,-0.37149,-0.32485,-0.27865,-0.23346,-0.18976,-0.14792,-0.10816,-0.070603,-0.035222,0
0,-0.033196,-0.066003,-0.10059,-0.137,-0.17522,-0.21507,-0.25631,-0.29854,-0.34131,-0.3841,-0.42641,-0.46777,-0.50781,-0.54621,-0.58278,-0.61739,-0.64999,-0.68057,-0.70916,-0.73583,-0.76064,-0.78369,-0.80506,-0.82485,-0.84314,-0.86001,-0.87556,-0.88987,-0.90301,-0.91505,-0.92606,-0.93611,-0.94525,-0.95353,-0.96101,-0.96773,-0.97372,-0.97903,-0.98368,-0.98771,-0.99114,-0.99399,-0.99627,-0.99801,-0.9992,-0.99986,-0.99998,-0.99957,-0.99863,-0.99714,-0.99509,-0.99247,-0.98925,-0.98541,-0.98092,-0.97574,-0.96983,-0.96314,-0.95562,-0.94722,-0.93784,-0.92743,-0.91589,-0.90312,-0.88902,-0.87346,-0.85633,-0.83746,-0.81672,-0.79394,-0.76897,-0.74165,-0.71183,-0.67939,-0.64429,-0.60651,-0.56616,-0.52345,-0.47871,-0.4324,-0.38507,-0.33735,-0.28987,-0.24323,-0.19795,-0.15446,-0.11302,-0.073789,-0.036794,0
0,-0.034501,-0.068555,-0.1044,-0.14206,-0.18148,-0.22249,-0.26478,-0.30797,-0.35155,-0.39501,-0.43783,-0.47955,-0.51978,-0.55823,-0.59471,-0.62911,-0.66139,-0.69157,-0.71969,-0.74584,-0.77009,-0.79255,-0.81331,-0.83247,-0.85014,-0.8664,-0.88136,-0.89508,-0.90766,-0.91917,-0.92967,-0.93924,-0.94794,-0.9558,-0.9629,-0.96927,-0.97495,-0.97998,-0.98439,-0.98821,-0.99146,-0.99417,-0.99635,-0.99801,-0.99917,-0.99983,-0.99999,-0.99966,-0.99883,-0.9975,-0.99564,-0.99325,-0.99031,-0.98678,-0.98265,-0.97788,-0.97243,-0.96624,-0.95928,-0.95147,-0.94275,-0.93303,-0.92224,-0.91027,-0.897,-0.88233,-0.8661,-0.84817,-0.82837,-0.80654,-0.78249,-0.75603,-0.72701,-0.69528,-0.66074,-0.62335,-0.58319,-0.54043,-0.49539,-0.4485,-0.40033,-0.35149,-0.30264,-0.25443,-0.20742,-0.16206,-0.1187,-0.077538,-0.038657,0
0,-0.036001,-0.071474,-0.10873,-0.14779,-0.18855,-0.23082,-0.27426,-0.31846,-0.3629,-0.40705,-0.45037,-0.49242,-0.5328,-0.57124,-0.60757,-0.64169,-0.67359,-0.7033,-0.73088,-0.75643,-0.78005,-0.80186,-0.82195,-0.84045,-0.85745,-0.87306,-0.88738,-0.90049,-0.91248,-0.92343,-0.93341,-0.94248,-0.95071,-0.95815,-0.96485,-0.97086,-0.97622,-0.98096,-0.98512,-0.98872,-0.9918,-0.99436,-0.99643,-0.99802,-0.99914,-0.9998,-1,-0.99974,-0.99902,-0.99784,-0.99617,-0.99401,-0.99134,-0.98814,-0.98437,-0.98001,-0.97501,-0.96934,-0.96293,-0.95573,-0.94768,-0.93869,-0.92867,-0.91752,-0.90514,-0.8914,-0.87614,-0.85921,-0.84045,-0.81966,-0.79663,-0.77118,-0.74309,-0.7122,-0.67837,-0.64152,-0.60168,-0.55901,-0.51376,-0.46638,-0.41739,-0.36742,-0.31716,-0.26727,-0.21834,-0.17091,-0.12536,-0.081966,-0.040877,0
0,-0.037733,-0.074824,-0.11369,-0.1543,-0.19654,-0.24018,-0.28485,-0.33012,-0.37544,-0.42027,-0.46408,-0.50641,-0.54688,-0.58525,-0.62135,-0.65511,-0.68655,-0.7157,-0.74267,-0.76756,-0.79048,-0.81157,-0.83094,-0.84872,-0.86501,-0.87993,-0.89358,-0.90605,-0.91743,-0.9278,-0.93723,-0.94579,-0.95354,-0.96054,-0.96684,-0.97249,-0.97752,-0.98197,-0.98587,-0.98926,-0.99214,-0.99456,-0.99652,-0.99803,-0.99911,-0.99977,-1,-0.99981,-0.9992,-0.99816,-0.99668,-0.99475,-0.99235,-0.98946,-0.98605,-0.9821,-0.97756,-0.97239,-0.96654,-0.95997,-0.95258,-0.94433,-0.9351,-0.92482,-0.91335,-0.90057,-0.88634,-0.87049,-0.85284,-0.83318,-0.8113,-0.78696,-0.75995,-0.73005,-0.69708,-0.66094,-0.62159,-0.57914,-0.53384,-0.48606,-0.43633,-0.38527,-0.33356,-0.28189,-0.2309,-0.18117,-0.13315,-0.0872,-0.043534,0
0,-0.039739,-0.078675,-0.11935,-0.16169,-0.20556,-0.25067,-0.29665,-0.34302,-0.38924,-0.43474,-0.47898,-0.52153,-0.56202,-0.60022,-0.63599,-0.66931,-0.70018,-0.7287,-0.75497,-0.77912,-0.80128,-0.82159,-0.84018,-0.85719,-0.87274,-0.88693,-0.89988,-0.91168,-0.92243,-0.9322,-0.94108,-0.94912,-0.95639,-0.96295,-0.96885,-0.97412,-0.97883,-0.98298,-0.98663,-0.9898,-0.9925,-0.99477,-0.99661,-0.99805,-0.99908,-0.99973,-0.99999,-0.99987,-0.99936,-0.99846,-0.99716,-0.99545,-0.99331,-0.99073,-0.98767,-0.98411,-0.98002,-0.97536,-0.97007,-0.9641,-0.9574,-0.94988,-0.94145,-0.93203,-0.9215,-0.90973,-0.89657,-0.88184,-0.86537,-0.84693,-0.82628,-0.80319,-0.77739,-0.74863,-0.7167,-0.68143,-0.64275,-0.60072,-0.55551,-0.50748,-0.45712,-0.40503,-0.35189,-0.29839,-0.24522,-0.19298,-0.14222,-0.093357,-0.046706,0
0,-0.04207,-0.083107,-0.12581,-0.17007,-0.2157,-0.26239,-0.30973,-0.35722,-0.40431,-0.45042,-0.49503,-0.53771,-0.57811,-0.61604,-0.65138,-0.68413,-0.71435,-0.74214,-0.76762,-0.79095,-0.81228,-0.83175,-0.84952,-0.86573,-0.88049,-0.89393,-0.90617,-0.91729,-0.9274,-0.93657,-0.94488,-0.9524,-0.9592,-0.96532,-0.97081,-0.97573,-0.98011,-0.98398,-0.98738,-0.99033,-0.99285,-0.99497,-0.9967,-0.99806,-0.99906,-0.9997,-0.99998,-0.99992,-0.99951,-0.99874,-0.99761,-0.9961,-0.99421,-0.99192,-0.9892,-0.98603,-0.98237,-0.97819,-0.97344,-0.96807,-0.96203,-0.95524,-0.94761,-0.93906,-0.92947,-0.91871,-0.90663,-0.89307,-0.87782,-0.86066,-0.84135,-0.8196,-0.79513,-0.76766,-0.73692,-0.70271,-0.66488,-0.62344,-0.57852,-0.53041,-0.47956,-0.42656,-0.37204,-0.31673,-0.26129,-0.2064,-0.15264,-0.10052,-0.050461,0
0,-0.044781,-0.088199,-0.13316,-0.17952,-0.22704,-0.27538,-0.3241,-0.3727,-0.4206,-0.46724,-0.51211,-0.55478,-0.59497,-0.63249,-0.66728,-0.69935,-0.7288,-0.75575,-0.78037,-0.80281,-0.82324,-0.84184,-0.85875,-0.87411,-0.88808,-0.90076,-0.91227,-0.92272,-0.93219,-0.94077,-0.94853,-0.95555,-0.96188,-0.96757,-0.97268,-0.97725,-0.98132,-0.98492,-0.98808,-0.99083,-0.99318,-0.99516,-0.99679,-0.99808,-0.99903,-0.99966,-0.99996,-0.99996,-0.99963,-0.99898,-0.99801,-0.9967,-0.99504,-0.99302,-0.99061,-0.9878,-0.98455,-0.98083,-0.97659,-0.9718,-0.96639,-0.96029,-0.95344,-0.94573,-0.93706,-0.92731,-0.91632,-0.90392,-0.88992,-0.87408,-0.85614,-0.83581,-0.81277,-0.78671,-0.75731,-0.7243,-0.68751,-0.64685,-0.6024,-0.5544,-0.50325,-0.44948,-0.39373,-0.33666,-0.27897,-0.22133,-0.16439,-0.10872,-0.054837,0
0,-0.047928,-0.094026,-0.14149,-0.1901,-0.23961,-0.28963,-0.33972,-0.38935,-0.43795,-0.48498,-0.52994,-0.57245,-0.61226,-0.64922,-0.6833,-0.71457,-0.74314,-0.76917,-0.79283,-0.81433,-0.83382,-0.85151,-0.86753,-0.88206,-0.89523,-0.90716,-0.91796,-0.92775,-0.93661,-0.94462,-0.95187,-0.95841,-0.9643,-0.96961,-0.97437,-0.97862,-0.9824,-0.98576,-0.9887,-0.99126,-0.99346,-0.99532,-0.99686,-0.99808,-0.99899,-0.99961,-0.99994,-0.99998,-0.99973,-0.9992,-0.99837,-0.99723,-0.99578,-0.99401,-0.99188,-0.9894,-0.98652,-0.98321,-0.97945,-0.97518,-0.97036,-0.96491,-0.95878,-0.95187,-0.94408,-0.93529,-0.92535,-0.9141,-0.90133,-0.8868,-0.87025,-0.85137,-0.82982,-0.80524,-0.77727,-0.7456,-0.70998,-0.67026,-0.62647,-0.57877,-0.52751,-0.47318,-0.41637,-0.3577,-0.29786,-0.2375,-0.17728,-0.11786,-0.059822,0
0,-0.051563,-0.10065,-0.15082,-0.20183,-0.25336,-0.30503,-0.35639,-0.4069,-0.45602,-0.50323,-0.54808,-0.59022,-0.62945,-0.66567,-0.69889,-0.72922,-0.7568,-0.78182,-0.80448,-0.82498,-0.84352,-0.86028,-0.87544,-0.88915,-0.90155,-0.91276,-0.92291,-0.93208,-0.94039,-0.94789,-0.95467,-0.96079,-0.96631,-0.97127,-0.97572,-0.97971,-0.98326,-0.9864,-0.98917,-0.99158,-0.99366,-0.99542,-0.99688,-0.99805,-0.99894,-0.99956,-0.99991,-1,-0.99982,-0.99938,-0.99867,-0.99768,-0.99641,-0.99485,-0.99297,-0.99077,-0.98821,-0.98527,-0.98192,-0.97811,-0.97381,-0.96894,-0.96346,-0.95727,-0.95028,-0.94237,-0.93341,-0.92323,-0.91163,-0.89837,-0.88317,-0.86572,-0.84564,-0.82256,-0.79608,-0.76581,-0.73145,-0.6928,-0.6498,-0.60257,-0.55141,-0.49674,-0.43911,-0.3791,-0.31732,-0.2544,-0.19098,-0.12773,-0.065334,0
0,-0.055734,-0.10809,-0.16116,-0.21462,-0.26815,-0.32134,-0.37376,-0.42491,-0.47427,-0.52137,-0.56582,-0.60732,-0.64573,-0.68101,-0.7132,-0.74245,-0.76895,-0.79289,-0.8145,-0.83401,-0.8516,-0.86748,-0.88181,-0.89476,-0.90646,-0.91704,-0.92661,-0.93526,-0.9431,-0.95018,-0.95659,-0.96238,-0.96761,-0.97232,-0.97655,-0.98034,-0.98372,-0.98673,-0.98938,-0.99169,-0.9937,-0.9954,-0.99682,-0.99797,-0.99886,-0.99949,-0.99987,-1,-0.99989,-0.99952,-0.99891,-0.99805,-0.99692,-0.99552,-0.99384,-0.99185,-0.98955,-0.9869,-0.98388,-0.98045,-0.97657,-0.97219,-0.96724,-0.96166,-0.95536,-0.94822,-0.94012,-0.93088,-0.92033,-0.90822,-0.89427,-0.87815,-0.85948,-0.83785,-0.8128,-0.78393,-0.75085,-0.71332,-0.67122,-0.6246,-0.57373,-0.51897,-0.46083,-0.39981,-0.33645,-0.27131,-0.20494,-0.138,-0.071221,0
0,-0.06048,-0.11637,-0.17244,-0.22833,-0.28368,-0.33813,-0.39128,-0.44267,-0.49186,-0.53846,-0.58212,-0.62266,-0.65996,-0.69404,-0.72502,-0.75305,-0.77837,-0.80118,-0.82174,-0.84026,-0.85695,-0.87201,-0.88561,-0.89791,-0.90903,-0.9191,-0.92823,-0.93651,-0.94403,-0.95084,-0.95703,-0.96263,-0.96771,-0.9723,-0.97644,-0.98017,-0.9835,-0.98648,-0.98911,-0.99143,-0.99344,-0.99517,-0.99661,-0.99779,-0.99871,-0.99938,-0.99981,-0.99999,-0.99993,-0.99964,-0.9991,-0.99831,-0.99727,-0.99598,-0.99441,-0.99257,-0.99042,-0.98796,-0.98516,-0.98198,-0.97839,-0.97434,-0.96979,-0.96466,-0.95888,-0.95233,-0.94491,-0.93644,-0.92676,-0.91561,-0.90273,-0.88777,-0.87034,-0.84999,-0.82626,-0.79868,-0.76683,-0.7304,-0.68923,-0.64335,-0.59296,-0.53841,-0.48013,-0.41858,-0.35418,-0.28733,-0.2185,-0.14824,-0.077282,0
0,-0.065841,-0.12547,-0.18454,-0.24267,-0.29951,-0.35477,-0.4081,-0.45915,-0.50759,-0.55312,-0.59549,-0.63459,-0.67039,-0.70297,-0.73248,-0.75912,-0.78313,-0.80476,-0.82424,-0.8418,-0.85766,-0.872,-0.88499,-0.89678,-0.9075,-0.91726,-0.92616,-0.93428,-0.9417,-0.94849,-0.95468,-0.96035,-0.96552,-0.97023,-0.97452,-0.9784,-0.98191,-0.98507,-0.98788,-0.99038,-0.99256,-0.99445,-0.99605,-0.99737,-0.99841,-0.99919,-0.99971,-0.99997,-0.99997,-0.99971,-0.9992,-0.99844,-0.99741,-0.99612,-0.99455,-0.99271,-0.99057,-0.98813,-0.98536,-0.98223,-0.97873,-0.9748,-0.97042,-0.9655,-0.95999,-0.95378,-0.94678,-0.93882,-0.92972,-0.91927,-0.90718,-0.8931,-0.87665,-0.85735,-0.83471,-0.80823,-0.77747,-0.74207,-0.70186,-0.65683,-0.60719,-0.55325,-0.49539,-0.43396,-0.36925,-0.30149,-0.23094,-0.15798,-0.083308,0
0,-0.071885,-0.13537,-0.1973,-0.25727,-0.31502,-0.37034,-0.42303,-0.47288,-0.5197,-0.56332,-0.60363,-0.64061,-0.6743,-0.70485,-0.73246,-0.75735,-0.77977,-0.79998,-0.81823,-0.83475,-0.84973,-0.86337,-0.87583,-0.88724,-0.89772,-0.90738,-0.91631,-0.92457,-0.93224,-0.93936,-0.94598,-0.95214,-0.95786,-0.96317,-0.96808,-0.97262,-0.97679,-0.9806,-0.98407,-0.98718,-0.98996,-0.99239,-0.99448,-0.99624,-0.99766,-0.99874,-0.99949,-0.9999,-0.99999,-0.99975,-0.99919,-0.99831,-0.99711,-0.99559,-0.99376,-0.99162,-0.98916,-0.98638,-0.98327,-0.97982,-0.97601,-0.9718,-0.96717,-0.96207,-0.95643,-0.95017,-0.94319,-0.93535,-0.92647,-0.91634,-0.90467,-0.89113,-0.8753,-0.85673,-0.8349,-0.80932,-0.77951,-0.74514,-0.70602,-0.66217,-0.61378,-0.56113,-0.50454,-0.44424,-0.38032,-0.31277,-0.24157,-0.16685,-0.08915,0
0,-0.078757,-0.14612,-0.21054,-0.27165,-0.32934,-0.38357,-0.43434,-0.48165,-0.52549,-0.56586,-0.6028,-0.6364,-0.66679,-0.69417,-0.71878,-0.74087,-0.76072,-0.77858,-0.79471,-0.80933,-0.82267,-0.83489,-0.84618,-0.85666,-0.86647,-0.87571,-0.88446,-0.89282,-0.90084,-0.90857,-0.91605,-0.92332,-0.9304,-0.93729,-0.944,-0.95051,-0.95681,-0.96286,-0.96862,-0.97406,-0.97912,-0.98374,-0.98788,-0.99147,-0.99448,-0.99686,-0.99858,-0.99963,-1,-0.9997,-0.99874,-0.99717,-0.99502,-0.99234,-0.98918,-0.98559,-0.98161,-0.97729,-0.97267,-0.96777,-0.9626,-0.95715,-0.95143,-0.94539,-0.93897,-0.93212,-0.92471,-0.91662,-0.90767,-0.89762,-0.88621,-0.87307,-0.8578,-0.83995,-0.81902,-0.79451,-0.766,-0.73319,-0.69594,-0.65428,-0.60838,-0.55847,-0.50475,-0.44724,-0.38581,-0.32012,-0.24979,-0.17459,-0.09479,0
0,-0.086762,-0.15787,-0.22407,-0.28516,-0.34124,-0.39255,-0.43936,-0.48191,-0.5204,-0.55502,-0.58594,-0.61334,-0.63743,-0.65841,-0.67653,-0.69203,-0.70514,-0.71609,-0.72509,-0.73232,-0.73795,-0.74211,-0.74492,-0.74647,-0.74684,-0.7461,-0.74428,-0.74142,-0.73758,-0.73277,-0.72706,-0.7205,-0.71319,-0.70525,-0.69688,-0.68836,-0.68011,-0.6727,-0.66696,-0.66401,-0.66543,-0.67332,-0.69041,-0.71995,-0.76505,-0.82657,-0.89856,-0.96349,-0.99776,-0.99198,-0.95941,-0.91951,-0.88409,-0.85705,-0.83821,-0.82607,-0.81893,-0.81535,-0.81418,-0.81456,-0.81583,-0.81753,-0.81928,-0.82081,-0.82189,-0.82232,-0.82193,-0.82053,-0.81791,-0.81384,-0.80806,-0.80025,-0.79005,-0.77708,-0.76092,-0.7412,-0.71762,-0.68996,-0.65818,-0.62231,-0.58249,-0.53881,-0.49128,-0.43969,-0.38359,-0.3223,-0.25503,-0.1811,-0.10041,0
0,-0.096478,-0.17096,-0.23769,-0.29681,-0.34875,-0.39411,-0.43341,-0.46711,-0.49553,-0.51888,-0.53727,-0.55072,-0.55913,-0.56231,-0.55993,-0.55146,-0.53616,-0.51296,-0.48044,-0.43671,-0.37942,-0.30589,-0.21357,-0.10103,0.030524,0.17559,0.32426,0.46473,0.58741,0.68772,0.7659,0.82501,0.86903,0.90164,0.92583,0.94388,0.95745,0.96774,0.9756,0.98166,0.98635,0.99001,0.99286,0.99508,0.99678,0.99807,0.999,0.99962,0.99994,0.99998,0.99971,0.99911,0.99812,0.99665,0.99457,0.99168,0.9877,0.9822,0.97457,0.96383,0.94852,0.92634,0.89372,0.8452,0.77297,0.66746,0.52123,0.33721,0.13497,-0.056721,-0.21677,-0.33897,-0.42701,-0.48769,-0.52732,-0.55073,-0.5614,-0.56178,-0.55361,-0.53814,-0.51624,-0.48844,-0.45497,-0.41568,-0.3701,-0.31741,-0.25656,-0.18643,-0.10643,0
0,-0.10888,-0.18582,-0.25085,-0.30465,-0.34812,-0.38205,-0.407,-0.42318,-0.43036,-0.42787,-0.41443,-0.38808,-0.34604,-0.2847,-0.19995,-0.088376,0.050226,0.20935,0.37438,0.52713,0.65417,0.75142,0.822,0.87189,0.90685,0.93144,0.9489,0.96145,0.97061,0.97737,0.98244,0.98628,0.98922,0.9915,0.99328,0.99469,0.99581,0.9967,0.99742,0.998,0.99847,0.99885,0.99916,0.9994,0.9996,0.99975,0.99986,0.99994,0.99999,1,0.99998,0.99993,0.99984,0.9997,0.99952,0.99927,0.99895,0.99852,0.99798,0.99727,0.99634,0.99511,0.99347,0.99125,0.98819,0.98388,0.97769,0.96858,0.95479,0.93334,0.89909,0.84345,0.75359,0.61559,0.42723,0.21328,0.015332,-0.13926,-0.24687,-0.31574,-0.35552,-0.37368,-0.37516,-0.36291,-0.33835,-0.30184,-0.25291,-0.1905,-0.11355,0
0,-0.12534,-0.20263,-0.26177,-0.3042,-0.33094,-0.34225,-0.33737,-0.31431,-0.2695,-0.19782,-0.093459,0.047115,0.21902,0.40351,0.57318,0.70791,0.80389,0.86817,0.91021,0.9377,0.9559,0.96817,0.97662,0.98254,0.98678,0.98987,0.99215,0.99386,0.99516,0.99616,0.99693,0.99754,0.99803,0.99841,0.99872,0.99897,0.99918,0.99934,0.99948,0.99959,0.99968,0.99976,0.99982,0.99987,0.99991,0.99994,0.99997,0.99998,1,1,1,0.99999,0.99997,0.99995,0.99992,0.99987,0.99982,0.99975,0.99965,0.99954,0.99939,0.9992,0.99895,0.99862,0.99819,0.99762,0.99682,0.99572,0.99413,0.99181,0.98828,0.98277,0.97383,0.95877,0.93253,0.88571,0.80247,0.66344,0.46399,0.23795,0.038235,-0.10751,-0.20069,-0.2524,-0.27254,-0.26752,-0.24055,-0.1925,-0.12257,0
0,-0.14721,-0.21988,-0.26472,-0.28341,-0.27519,-0.23659,-0.16119,-0.040972,0.1278,0.33225,0.53635,0.70169,0.81498,0.88547,0.9278,0.95326,0.96886,0.97867,0.98502,0.98924,0.99211,0.99412,0.99555,0.99658,0.99735,0.99792,0.99836,0.99869,0.99895,0.99916,0.99932,0.99945,0.99955,0.99964,0.9997,0.99976,0.99981,0.99984,0.99988,0.9999,0.99992,0.99994,0.99996,0.99997,0.99998,0.99999,0.99999,1,1,1,1,1,0.99999,0.99999,0.99998,0.99997,0.99996,0.99995,0.99993,0.9999,0.99987,0.99983,0.99978,0.99972,0.99963,0.99952,0.99937,0.99916,0.99887,0.99846,0.99785,0.99692,0.99547,0.99311,0.98912,0.9821,0.96924,0.94478,0.89715,0.80549,0.64446,0.41549,0.17525,-0.013504,-0.13323,-0.19436,-0.21021,-0.18914,-0.13377,0
0,-0.17358,-0.22957,-0.24091,-0.2052,-0.11278,0.048313,0.27444,0.51968,0.71711,0.84191,0.91145,0.94892,0.96939,0.98094,0.98769,0.99179,0.99436,0.99602,0.99713,0.99789,0.99842,0.9988,0.99907,0.99928,0.99943,0.99955,0.99964,0.99971,0.99977,0.99981,0.99985,0.99987,0.9999,0.99992,0.99993,0.99994,0.99995,0.99996,0.99997,0.99998,0.99998,0.99999,0.99999,0.99999,0.99999,1,1,1,1,1,1,1,1,1,1,0.99999,0.99999,0.99999,0.99998,0.99998,0.99997,0.99996,0.99995,0.99994,0.99992,0.9999,0.99987,0.99982,0.99976,0.99968,0.99956,0.99937,0.99909,0.99864,0.99789,0.9966,0.99429,0.99,0.98164,0.96463,0.92856,0.85105,0.69524,0.44567,0.17371,-0.026855,-0.13523,-0.16936,-0.14445,0
0,-0.19216,-0.19873,-0.12026,0.06394,0.34902,0.63654,0.8225,0.91453,0.95697,0.97706,0.98708,0.99236,0.99529,0.99698,0.998,0.99864,0.99904,0.99931,0.9995,0.99962,0.99971,0.99978,0.99983,0.99987,0.99989,0.99991,0.99993,0.99994,0.99995,0.99996,0.99997,0.99998,0.99998,0.99998,0.99999,0.99999,0.99999,0.99999,0.99999,1,1,1,1,1,1,1,1,1,1,1,1,1,1,1,1,1,1,1,1,1,0.99999,0.99999,0.99999,0.99999,0.99998,0.99998,0.99997,0.99997,0.99996,0.99994,0.99992,0.99988,0.99983,0.99975,0.99961,0.99937,0.99896,0.99822,0.9968,0.99398,0.98805,0.97482,0.94317,0.86385,0.67783,0.36571,0.070386,-0.09418,-0.13994,0
0,-0.13331,0.031408,0.37763,0.72635,0.89817,0.96008,0.98262,0.99168,0.9957,0.99763,0.99863,0.99917,0.99948,0.99966,0.99977,0.99984,0.99989,0.99992,0.99994,0.99995,0.99996,0.99997,0.99998,0.99998,0.99999,0.99999,0.99999,0.99999,0.99999,1,1,1,1,1,1,1,1,1,1,1,1,1,1,1,1,1,1,1,1,1,1,1,1,1,1,1,1,1,1,1,1,1,1,1,1,1,1,1,0.99999,0.99999,0.99999,0.99998,0.99998,0.99997,0.99995,0.99992,0.99986,0.99976,0.99958,0.99922,0.9985,0.99694,0.99326,0.98367,0.95527,0.86246,0.59521,0.19495,-0.051179,0
0,0.45416,0.83995,0.96205,0.98942,0.99643,0.99859,0.99938,0.9997,0.99984,0.99991,0.99995,0.99997,0.99998,0.99999,0.99999,0.99999,1,1,1,1,1,1,1,1,1,1,1,1,1,1,1,1,1,1,1,1,1,1,1,1,1,1,1,1,1,1,1,1,1,1,1,1,1,1,1,1,1,1,1,1,1,1,1,1,1,1,1,1,1,1,1,1,1,1,1,1,0.99999,0.99999,0.99998,0.99996,0.99993,0.99985,0.99968,0.99926,0.99801,0.99355,0.97371,0.87191,0.50017,0
1,1,1,1,1,1,1,1,1,1,1,1,1,1,1,1,1,1,1,1,1,1,1,1,1,1,1,1,1,1,1,1,1,1,1,1,1,1,1,1,1,1,1,1,1,1,1,1,1,1,1,1,1,1,1,1,1,1,1,1,1,1,1,1,1,1,1,1,1,1,1,1,1,1,1,1,1,1,1,1,1,1,1,1,1,1,1,1,1,1,1
